1
0
2
11
11
3
101
000
101
4
1001
0100
1001
0000
6
100100
001010
000000
110000
110000
010100
8
01100101
01000001
00011000
00000010
11000011
10100010
10000001
01100000
9
010001010
010001010
100101001
100010001
010100110
101000100
000100010
011010000
000000010
10
1111111111
1000000001
1011111101
1010000101
1010110101
1010110101
1010000101
1011111101
1000000001
1111111111
20
10111111111111111111
10111111111111111111
00011111111111111111
11100111111111111111
11111011111100111111
11111101111100111111
11111100000000000000
11111111111111111111
11111111111111111111
11111111111111111111
11111111111111111111
11111111111111111111
11111111111111111111
11111111111111111111
11111111111111111111
00001111111111111111
11100001111111111111
11111110000111111111
11111111110000111111
11111111111110000111
25
1111111110111111111111111
1111111111011111111111111
1111111111101111111111111
1111111111110111111111111
1111111000000011111111111
1000000111111100000001111
1111111111111111111111111
1111111111111111111111111
1111111111111111111111111
1111111111111111111111111
1111111111111111111111111
1111111111111111111111111
1111111111111111111111111
1111111111111111111111111
1111111000000011111111111
1111111000000011111111111
1111111000000011111111111
1111111100000001111111111
1111111111110000000111111
1111111000000011111111111
1111111111100000001111111
1111111111100000001111111
1111000000011111111111111
1100000001111111111111111
0000000111111111111111111
30
111111111100000001111111111111
111111111100000001111111111111
111111111100000001111111111111
111111111111111111000000011111
111111111111111111100000001111
111111111111111111100000001111
111111111111111111111111000001
111111111111111111111111000001
111111111111111111111111000001
111111111111111111111111000001
111111111111111111111111000001
111111111111111111111111000001
111111111111111111111111000001
111111111111111111111111000001
111111111111111111111111000010
111111111111111111111111000010
111111111111111111111111000010
111111111111111111111111000010
111111111111111111111111000001
111111111111111111111111000001
111111111111111111111111000010
111111111111111111111111000010
111111111111111111111111000100
111111111111111111111111000100
111111111111111111111111000100
111111111111111111111111001000
111111111111111111111111001000
111111111111111111111111001000
111111111111111111111111010000
111111111111111111111111010000
40
1111111111111111111011111111111111111111
1111111111111111111101111111111111111111
1111111111111111111101111111111111111111
1111111111111111111101111111111111111111
0000000000000000100000000000000000000000
0000000000000000010000000000000000000000
0000000000000001100000000000000000000000
0000000000000001000000000000000000000000
0000000000000001000000000000000000000000
0000000000000001000000000000000000000000
1111111111111111111111111111111111111111
0000000000000001000000000000000000000000
0000000000000001000000000000000000000000
0000000000000000100000000000000000000000
0000000000000000010000000000000000000000
0000000000000000100000000000000010000000
0000000000000001000000000000010101000000
0000000000011111111111111111101000100000
0000000000011111111111111111100000010000
0000000000011111111111111111100000001000
1111111111100000000000000000000000000111
1111111111100000000000000000000000000011
1111111111100000000000000000000000000001
0000000000011111111111111111100000000000
0000000000000001000000000000000000000000
1111111111111111111111111111111111001111
0000000000000000010000000000000000110000
0000000000000001100000000000000000100000
0000000000000001000000000001100101000000
0000000000000001000000000010011010000000
0000000000000001000000000101000000000000
0000000000000000100000000010100000000000
0000000000000001000000000000010000000000
0000000000000000000000000000010000000000
0000000000000000000000000000100000000000
1111111111100000000000000001000000000000
1000000000011111111111111111000000000000
0100000000000000000000000000100000000000
1111111100000001111111111111111000000000
0000000000000000000000000000100000000000