27
5
1 12
1 3
2 15
2 5
2 1
3
1 10
2 1
2 4
10
2 10
2 4
2 8
2 3
2 5
2 6
1 2
1 10
1 10
2 5
1
2 7
50
1 24
1 16
1 33
2 34
1 26
2 35
1 39
2 44
2 29
2 28
1 44
2 48
2 50
2 41
2 9
1 22
2 11
2 27
1 12
1 50
2 49
1 17
2 43
2 6
1 39
2 28
1 47
1 45
2 32
1 43
2 40
1 10
1 44
2 31
2 26
2 15
2 20
1 49
1 36
2 43
2 8
1 46
2 43
2 26
1 30
1 23
2 26
1 32
2 25
2 42
20
2 4
1 2
2 2
1 2
2 1
1 3
2 5
1 3
1 1
2 3
1 4
2 3
1 5
1 4
1 4
1 2
2 5
1 5
2 2
2 2
30
1 48
1 3
2 20
2 41
1 33
2 46
2 22
2 21
1 6
2 44
1 23
2 28
1 39
1 19
2 15
2 49
1 26
1 22
2 42
2 27
2 31
1 49
1 11
1 33
1 1
2 31
2 9
1 18
2 27
1 18
40
2 14
1 13
1 51
2 18
2 99
2 85
1 37
2 54
2 82
1 93
1 71
1 76
1 40
2 14
1 61
1 74
2 83
2 75
1 12
1 23
1 95
1 84
2 90
1 40
1 96
2 25
2 68
2 87
2 34
2 66
2 60
2 65
2 18
2 48
1 97
2 71
1 94
1 5
1 47
1 29
86
1 9
2 45
2 24
1 15
1 46
1 92
1 100
2 84
2 59
2 34
2 68
1 82
2 50
1 63
2 26
2 5
2 30
1 24
1 5
2 43
1 100
1 57
1 43
1 38
1 4
2 71
1 15
1 17
2 92
1 49
1 100
1 79
1 99
1 86
2 38
2 41
1 98
1 36
2 3
2 19
1 57
1 17
2 86
2 10
2 50
2 74
2 33
1 67
2 92
2 25
1 63
1 5
2 44
1 45
2 30
1 22
2 70
1 10
1 10
2 29
1 84
1 4
1 22
2 12
1 17
1 3
1 41
2 7
1 14
2 9
1 62
2 30
1 4
2 37
1 89
2 75
1 6
2 36
2 68
1 76
1 34
2 71
1 14
1 32
2 72
2 30
1
1 1
1
1 2
2
1 2
2 2
87
2 6
2 28
2 43
2 12
1 35
2 30
1 3
1 42
1 29
2 34
2 17
2 3
2 22
2 50
2 14
2 20
2 25
2 13
2 33
1 12
2 22
1 6
1 12
2 36
1 34
2 14
1 42
2 23
1 38
1 4
1 12
1 20
2 18
1 2
1 28
1 44
1 5
2 46
1 3
2 32
2 42
2 25
1 11
1 37
2 26
2 4
1 13
1 20
2 49
1 45
2 48
1 42
2 49
2 28
2 15
2 28
1 16
2 44
2 36
1 13
2 45
1 40
2 43
2 37
2 30
2 40
1 12
1 38
2 39
1 44
1 4
1 30
1 36
1 27
2 15
1 16
1 38
2 44
2 6
1 37
2 29
2 11
2 41
2 5
2 4
1 12
2 4
100
2 2
1 2
1 1
2 1
1 2
2 1
2 2
2 1
2 1
1 2
1 2
2 1
1 2
2 1
1 2
1 2
1 2
1 2
1 2
1 2
1 1
2 2
2 1
1 1
1 2
2 2
1 1
2 2
1 2
2 1
2 2
1 2
2 2
1 2
1 1
2 2
2 2
1 1
1 2
2 2
1 2
1 1
1 1
1 1
2 1
2 1
1 2
1 2
2 2
1 2
1 2
1 1
2 1
2 1
2 2
1 2
2 1
1 1
2 1
1 2
2 2
1 1
1 2
1 2
1 1
2 2
2 2
1 1
1 2
1 2
1 2
2 1
2 1
2 2
2 1
1 2
2 1
1 2
2 1
1 2
1 2
2 1
2 1
1 1
1 2
2 1
1 1
1 1
2 2
2 2
1 1
2 1
1 2
2 2
2 1
1 2
1 2
1 2
1 1
2 1
100
2 2
1 2
1 5
1 5
1 2
1 4
2 3
1 2
1 5
2 1
2 2
2 4
1 2
2 3
1 1
1 1
2 5
2 3
2 2
1 2
2 1
2 2
1 5
2 1
2 4
1 4
1 4
2 2
1 1
2 4
1 4
2 4
1 2
2 3
2 3
1 5
1 5
2 3
1 4
1 5
2 2
1 3
2 2
2 2
1 1
2 1
2 5
1 1
2 3
2 5
1 5
1 3
1 5
2 4
1 5
2 3
2 5
1 4
2 3
2 2
2 5
2 4
1 1
1 1
1 3
2 3
2 1
2 1
1 2
1 1
2 5
2 2
2 1
2 3
2 2
1 5
1 2
1 2
1 1
1 2
1 4
1 5
1 4
1 3
1 1
1 2
2 2
2 4
1 2
1 1
2 3
2 3
2 5
2 1
1 5
1 5
1 4
2 2
1 4
2 4
50
1 69
2 39
1 32
2 35
1 25
2 24
1 59
2 99
2 48
2 54
1 87
1 81
2 42
2 8
2 92
1 78
2 70
2 91
1 86
1 87
2 15
1 93
1 82
2 36
1 12
1 56
2 84
1 98
1 89
2 79
1 22
1 65
1 40
2 13
2 95
2 93
1 9
2 99
2 100
1 76
2 56
1 10
1 2
2 93
2 21
2 33
1 21
1 81
2 10
2 93
10
1 61
1 92
2 97
1 70
2 37
2 44
2 29
1 94
2 65
1 48
87
2 45
1 49
2 39
2 36
2 34
2 21
2 54
2 9
2 49
1 4
2 25
2 45
1 53
2 5
1 15
1 48
1 12
2 17
1 1
2 10
1 56
2 17
2 25
2 52
1 49
1 22
2 45
2 30
2 15
2 7
2 40
1 26
2 52
1 53
2 8
1 47
2 7
2 1
1 40
1 38
2 33
1 35
1 39
2 23
1 11
1 27
2 54
1 11
1 4
1 11
1 13
1 35
1 39
2 11
1 45
1 6
1 10
2 11
2 30
1 15
2 31
1 43
2 17
1 52
1 22
1 21
2 6
2 46
1 8
2 16
2 38
2 47
1 37
1 38
2 10
2 37
2 13
2 22
1 25
1 3
2 25
2 18
1 5
2 32
2 42
1 1
2 5
40
2 14
1 13
1 51
2 18
2 99
2 85
1 37
2 54
2 82
1 93
1 71
1 76
1 40
2 14
1 61
1 74
2 83
2 75
1 12
1 23
1 95
1 84
2 90
1 40
1 96
2 25
2 68
2 87
2 34
2 66
2 60
2 65
2 18
2 48
1 97
2 71
1 94
1 5
1 47
1 29
85
1 80
2 76
1 16
2 64
1 63
2 59
1 15
2 97
1 7
1 40
1 56
2 52
2 56
1 43
1 49
1 89
2 90
1 96
1 92
1 89
1 6
1 33
1 41
1 16
1 97
2 65
2 85
1 3
2 94
2 93
2 45
2 58
2 79
1 38
2 60
2 22
1 84
1 48
1 55
1 56
1 46
2 39
2 75
1 39
1 40
2 24
1 36
2 65
1 100
2 96
1 86
1 9
2 54
2 19
2 59
1 85
1 26
1 34
2 11
2 9
1 9
1 69
2 54
1 41
2 12
1 48
1 24
1 77
2 74
1 52
1 35
2 15
1 77
2 46
1 50
2 47
2 37
2 78
1 63
1 81
2 50
2 17
1 65
1 26
1 46
85
2 35
1 50
1 99
1 10
2 3
2 99
1 88
1 48
1 39
2 71
1 45
2 75
2 64
1 9
1 78
2 100
1 14
2 74
2 32
2 74
1 19
2 98
2 26
2 88
1 77
2 75
2 83
2 52
2 47
2 87
2 56
2 33
1 27
1 85
2 14
2 22
1 9
2 48
2 85
1 4
1 5
1 38
1 26
1 2
2 91
2 85
1 85
2 95
2 18
2 80
2 70
2 77
2 72
1 78
1 7
1 55
2 83
2 21
1 94
2 19
1 69
2 63
1 23
2 40
1 47
2 55
2 95
1 24
1 33
2 95
2 53
1 41
1 46
2 39
1 36
1 63
1 25
1 16
1 14
1 48
1 13
2 65
2 22
1 30
1 31
85
1 28
2 85
1 44
2 70
2 81
2 27
1 33
2 87
1 36
1 53
1 42
2 5
1 73
1 75
2 23
1 80
2 62
2 16
1 33
2 16
2 81
2 70
2 88
1 81
1 23
1 82
1 37
2 60
2 51
2 37
1 48
1 59
1 57
1 52
2 24
1 22
1 51
1 29
1 45
1 64
2 28
1 38
1 16
2 11
1 75
2 1
2 15
2 68
1 10
2 77
2 52
1 78
2 63
2 38
2 14
1 79
2 81
2 27
1 38
2 58
1 17
1 63
1 29
2 62
1 31
1 37
2 41
2 75
1 77
2 13
2 70
1 85
1 86
2 78
2 29
2 75
2 81
1 13
2 40
1 8
2 62
1 9
2 18
2 11
1 82
86
2 43
2 1
1 85
2 77
2 52
1 6
2 22
1 50
1 29
1 10
2 58
2 16
2 20
1 73
1 33
2 91
1 5
1 80
2 60
2 61
2 40
1 91
1 36
1 77
1 17
2 76
1 4
2 84
1 10
1 73
2 15
2 91
1 55
1 25
2 75
2 27
1 76
2 27
1 14
2 42
1 90
1 24
1 31
1 95
2 65
1 96
1 53
1 94
2 37
2 12
2 78
2 47
1 76
1 9
2 32
2 74
2 70
2 62
2 23
1 41
1 87
2 61
2 95
1 67
1 76
1 89
2 85
2 85
2 97
2 52
2 54
2 32
1 22
1 94
1 86
1 24
2 25
2 59
2 57
1 9
2 74
2 13
2 4
2 5
2 1
1 74
87
1 67
2 38
2 58
2 55
1 29
1 8
1 27
2 60
2 13
2 18
1 68
2 1
2 45
2 25
2 46
2 22
1 8
2 62
2 20
1 63
1 72
2 20
2 49
1 63
1 40
2 29
1 63
1 23
1 67
1 29
2 25
1 10
2 34
1 5
1 8
1 44
2 49
1 24
2 41
1 29
2 9
2 72
2 20
2 33
2 6
2 9
2 69
2 10
1 18
1 43
2 54
2 43
2 23
2 3
2 34
1 23
2 48
1 67
2 35
2 79
2 39
1 60
1 35
1 6
1 55
1 66
2 14
1 31
2 75
1 22
1 45
2 28
2 76
1 29
2 43
1 80
1 70
1 39
2 3
2 29
2 3
2 8
2 63
1 54
1 61
2 17
1 7
86
2 70
2 3
1 60
1 7
1 17
2 51
1 13
2 82
1 3
1 56
2 45
2 50
2 35
1 34
2 43
2 28
1 30
1 44
2 63
1 34
2 34
2 25
1 17
1 67
2 34
2 65
2 61
1 82
1 24
1 26
1 10
1 2
2 4
2 80
1 40
2 25
1 22
2 9
2 79
1 14
2 69
2 25
2 31
1 79
1 22
1 20
1 13
1 11
1 82
1 59
2 26
2 32
1 38
1 18
2 42
2 9
2 34
1 58
2 13
2 51
2 76
2 80
2 27
1 25
2 61
1 41
1 4
2 60
2 38
1 25
1 61
2 77
2 46
1 73
2 65
2 64
2 65
2 30
2 76
1 81
1 33
1 78
2 51
2 28
2 50
2 64
2
1 100
1 100
3
2 5
2 5
2 5
