50
3
3
1
2
1
1
500
300
73
17
208
396
103
29
3
98
177
369
133
86
83
322
219
64
162
12
101
4
472
119
182
299
326
228
99
358
122
82
192
495
430
197
79
490
118
113
353
361
398
446
491
112
16
69
97
148
239
383
276
193
488
223
111
116
176
425
237
2
130
389
416
37
153
30
410
92
152
155
478
68
311
80
170
243
343
67
89
75
231
65
236
20
466
117
35
149
184
306
377
364
278
324
391
139
415
138
269
185
260
448
218
351
457
14
288
76
362
234
340
274
337
217
211
426
476
216
310
36
302
254
295
298
443
456
106
6
309
220
49
140
467
55
19
102
331
461
43
135
249
428
365
304
320
354
124
374
469
213
481
199
439
175
259
59
172
317
227
301
66
303
141
486
154
189
346
128
50
487
134
313
212
492
390
350
371
438
51
357
250
205
100
32
123
319
38
42
498
494
90
500
348
412
262
115
496
431
194
214
171
267
282
441
463
70
378
21
48
57
395
107
206
293
77
246
241
146
393
381
8
104
455
349
314
289
435
352
91
39
207
105
242
305
165
60
88
315
45
334
458
41
40
421
434
126
370
411
248
280
253
497
129
429
71
447
464
145
329
247
47
261
255
444
210
63
285
183
484
330
482
121
277
379
367
291
328
296
345
164
344
450
168
93
15
142
200
159
452
167
284
34
13
95
258
402
405
224
132
386
1
375
387
339
10
406
442
58
144
169
342
263
26
158
336
321
422
25
338
198
399
468
427
62
460
414
271
356
257
333
440
335
188
72
485
471
401
27
264
180
318
290
266
127
61
226
437
44
403
479
459
355
360
366
209
273
480
196
281
392
244
131
201
470
409
454
312
204
268
265
499
418
18
87
287
78
417
221
436
493
33
74
150
187
110
31
323
373
465
400
385
332
413
160
376
181
46
388
114
108
404
445
52
363
408
9
85
215
166
24
109
341
147
483
229
462
382
394
256
423
120
94
407
380
272
316
28
54
222
325
297
270
22
294
230
156
308
397
424
163
161
283
251
157
451
5
81
238
420
489
384
173
245
137
233
279
327
432
53
56
179
419
475
240
347
190
96
372
286
11
202
7
368
252
449
191
186
433
232
178
473
151
125
307
225
275
474
23
195
84
235
174
359
292
143
477
203
136
453
500
353
83
428
108
278
383
113
433
400
319
372
303
418
293
291
440
137
387
54
224
166
90
234
494
267
65
84
14
337
230
347
468
80
302
479
1
485
327
313
63
17
292
422
36
177
259
269
329
423
375
277
368
122
345
275
77
58
285
308
26
205
392
317
380
333
6
265
197
315
328
99
397
475
142
470
443
67
53
30
442
74
248
116
13
163
436
486
389
348
152
86
441
339
44
211
483
204
349
78
221
218
106
273
103
94
87
198
321
376
45
160
247
171
169
33
252
185
250
447
386
367
351
194
18
98
381
199
417
153
356
340
261
268
359
464
462
161
391
497
260
412
233
172
249
306
105
338
425
487
365
499
484
342
20
38
241
402
254
235
40
332
190
201
469
206
242
374
354
119
61
97
282
19
390
466
455
150
406
132
301
143
148
135
288
409
95
307
331
286
200
133
304
183
203
43
72
182
131
237
404
403
232
454
411
322
180
379
181
196
297
271
111
110
427
244
34
419
432
173
287
283
256
76
335
56
366
262
492
276
109
309
255
458
191
25
500
395
124
364
220
495
151
202
225
478
66
144
89
138
107
222
266
155
452
100
480
141
123
187
184
178
481
459
101
186
227
146
158
398
496
362
457
23
35
226
64
279
57
229
157
139
378
126
413
91
114
209
473
243
414
377
159
343
401
69
416
493
253
467
298
39
41
118
51
352
394
477
216
344
8
140
361
437
435
11
154
360
213
280
369
48
323
471
346
85
373
294
257
174
465
388
296
214
451
399
60
147
410
463
121
460
363
330
238
179
32
456
189
439
162
149
384
228
217
461
15
240
430
16
358
165
445
112
208
444
170
70
75
295
434
316
3
236
446
324
312
192
115
251
424
31
290
491
93
263
408
299
310
429
102
27
474
264
472
438
393
2
82
22
175
193
476
453
318
357
88
407
195
371
246
314
215
274
7
449
245
212
305
431
49
284
420
320
168
490
350
336
104
59
127
281
9
156
24
129
37
334
426
498
92
96
188
73
272
120
68
415
326
47
382
270
176
385
125
55
145
81
258
130
396
79
50
450
341
448
167
42
164
10
62
29
128
71
46
4
325
289
28
207
52
231
136
21
219
489
117
355
311
223
12
421
482
300
239
370
405
5
134
488
210
500
429
482
396
433
87
79
184
93
310
366
407
160
284
175
339
352
354
9
492
232
432
467
436
447
240
26
69
133
83
106
374
367
470
221
59
148
144
434
320
331
321
39
460
288
208
118
390
500
456
16
444
165
159
40
461
258
191
116
399
388
85
115
112
386
86
17
11
393
96
46
223
143
238
134
233
139
465
120
72
361
247
325
273
387
128
329
404
290
192
289
168
70
231
190
336
359
394
30
398
338
378
479
127
104
323
486
193
220
47
183
56
6
152
300
49
483
14
440
464
60
211
380
142
389
237
201
181
414
316
75
102
212
20
269
117
453
305
234
74
158
391
52
315
205
248
301
198
34
58
130
140
251
480
306
199
100
337
84
437
256
215
295
281
410
402
136
431
328
376
304
263
466
423
395
151
10
448
103
403
368
286
42
488
36
57
22
25
95
8
255
77
29
409
342
110
216
266
4
132
108
478
267
55
124
214
454
418
371
400
217
343
420
50
443
259
225
78
307
499
292
88
272
169
222
347
303
417
197
2
202
497
401
274
283
177
154
64
317
141
299
137
230
435
351
186
210
176
241
218
498
200
227
53
261
65
372
5
455
204
348
438
113
178
135
54
226
253
209
385
18
145
439
122
123
445
146
457
163
377
125
126
90
243
490
287
268
358
382
97
162
252
496
384
207
333
19
293
282
424
138
370
271
373
254
41
375
277
80
468
446
51
419
477
157
260
182
441
484
357
109
101
171
24
170
369
265
475
206
164
425
98
66
3
416
297
245
62
463
462
327
346
379
38
313
302
311
35
322
27
381
495
67
312
242
28
129
244
276
415
76
485
180
33
296
37
195
319
228
364
450
291
156
363
82
430
285
458
174
239
318
153
459
13
421
185
94
493
324
203
406
166
15
179
21
472
246
172
344
356
473
452
341
340
73
471
167
173
451
150
262
412
326
155
224
469
229
121
68
383
308
270
392
187
279
476
131
264
334
428
408
350
32
491
92
360
487
314
250
219
114
449
413
298
23
1
99
43
161
442
411
353
188
196
194
278
91
294
149
280
397
71
481
189
309
12
474
235
61
365
257
45
426
494
107
119
147
48
44
427
213
405
275
355
89
349
332
81
330
105
249
362
111
489
31
236
345
7
422
335
63
500
56
480
28
315
451
426
276
130
387
116
436
263
138
131
390
385
230
82
73
462
380
469
229
492
128
57
433
364
313
350
135
30
341
113
431
367
471
398
144
20
218
279
86
306
158
322
107
427
247
137
7
456
18
339
211
22
45
331
208
330
404
92
497
174
182
457
286
95
413
443
421
288
478
154
105
183
197
164
2
49
439
416
147
403
87
266
278
181
374
419
491
379
301
435
233
214
71
408
401
351
35
473
76
409
294
148
422
42
172
389
220
242
260
474
219
141
205
5
66
241
29
83
59
90
446
267
423
81
224
362
405
159
442
388
121
176
479
295
429
481
418
262
191
302
344
280
361
281
127
206
165
79
252
54
430
12
284
163
112
250
169
198
189
99
317
496
438
244
175
202
343
397
187
305
258
249
445
484
74
283
297
102
324
60
133
43
476
437
104
470
359
171
348
232
203
459
212
366
289
465
428
272
216
395
243
201
489
396
227
114
199
326
58
293
237
274
316
265
298
394
400
360
188
70
256
285
392
407
213
109
1
328
296
485
64
338
117
37
355
349
78
41
318
85
246
151
327
19
236
238
134
185
125
342
168
8
420
477
311
193
346
310
464
248
441
483
63
269
157
270
15
240
142
4
38
62
309
225
299
455
482
207
145
204
69
89
273
51
320
275
228
493
162
467
94
100
32
119
26
411
132
39
140
369
3
96
424
319
217
160
72
354
251
336
196
21
88
376
194
472
321
287
11
402
381
118
235
80
383
337
47
314
458
178
264
325
33
498
254
312
282
215
352
406
223
209
466
120
334
499
277
221
386
200
155
368
50
25
410
440
300
345
450
391
75
475
68
152
146
468
304
98
93
170
149
415
115
34
356
494
253
184
373
453
447
500
17
173
357
353
375
6
143
323
378
488
384
239
48
139
461
91
448
340
495
153
255
13
101
10
195
180
55
186
487
261
372
190
414
307
27
156
347
226
46
245
425
268
210
444
126
333
61
16
335
365
129
460
31
124
329
463
36
106
108
452
150
382
370
432
490
234
192
308
67
371
53
332
177
434
65
393
257
363
454
136
377
417
9
399
259
303
97
167
23
292
52
179
222
84
77
166
122
358
111
412
123
271
110
231
161
24
486
14
44
40
290
291
449
103
500
194
425
211
323
7
237
91
29
214
105
452
472
110
212
63
184
447
355
182
480
268
157
59
146
112
27
36
51
284
12
315
136
398
162
413
410
270
396
307
41
140
299
261
39
127
71
60
393
479
164
494
158
298
400
229
19
154
122
359
132
431
382
395
304
179
18
495
141
258
492
369
97
387
225
257
285
108
32
131
493
397
55
170
283
306
429
23
287
163
420
239
22
312
436
372
14
379
335
305
274
117
15
118
467
300
390
166
362
279
345
440
386
496
120
384
474
487
290
475
458
156
95
21
247
450
338
109
462
82
489
228
171
185
408
35
94
319
339
484
442
500
423
38
427
159
209
138
116
461
221
394
52
302
476
295
421
64
342
230
100
324
266
478
454
243
202
482
473
276
334
223
348
375
337
301
69
332
357
181
381
175
88
183
432
145
417
293
24
151
216
486
350
418
238
73
469
497
333
8
263
253
20
133
87
376
222
9
187
485
430
329
176
428
280
282
466
61
291
383
388
215
161
368
488
54
121
30
399
316
325
53
281
48
236
34
101
195
153
296
252
227
456
241
449
267
242
65
245
308
152
76
165
191
392
289
99
448
196
294
5
371
446
148
142
352
98
445
439
198
130
343
218
313
378
232
168
173
139
4
346
246
128
26
403
288
234
114
37
309
437
320
107
46
203
233
78
44
113
248
75
297
126
193
68
3
50
172
124
414
217
180
45
219
459
72
254
353
361
433
93
365
199
144
444
208
224
49
255
210
405
58
465
43
483
377
457
205
347
31
200
192
129
498
83
137
415
328
81
310
318
10
265
322
326
336
135
92
147
90
260
411
204
391
455
178
84
111
155
264
286
259
244
451
351
240
477
358
419
344
460
407
271
186
356
364
434
314
57
102
443
235
401
463
17
167
62
143
106
125
470
468
424
303
499
269
272
340
374
330
226
104
16
231
79
47
321
201
363
385
251
349
441
70
206
25
86
2
197
409
103
366
389
354
89
177
416
367
370
56
373
435
33
341
188
404
149
169
67
6
213
331
360
80
40
220
190
275
189
426
174
292
422
412
249
134
66
1
85
42
490
160
311
278
13
262
464
491
123
150
28
277
273
317
327
256
74
207
481
402
453
11
96
115
471
380
119
77
406
438
250
500
426
200
245
41
402
227
258
187
383
232
160
163
285
218
137
98
465
212
444
299
404
43
256
390
414
189
113
116
217
127
87
4
115
156
386
85
363
253
389
146
291
18
202
68
42
324
81
141
388
315
99
225
366
198
468
45
436
26
328
172
130
165
336
107
88
345
443
437
183
259
100
420
243
496
498
478
274
338
203
32
479
223
199
131
192
387
247
302
19
408
346
497
5
151
114
445
174
494
30
144
311
242
76
359
353
33
425
273
432
248
226
490
50
23
150
358
310
64
277
190
118
239
148
179
97
279
482
155
264
244
37
373
135
123
201
321
74
65
419
270
330
215
455
282
122
157
29
11
434
209
461
164
381
249
493
58
47
159
450
220
463
435
69
407
53
413
112
409
286
108
265
364
147
67
178
301
142
237
52
221
488
370
136
439
293
22
145
134
25
489
79
395
308
327
267
340
474
95
331
84
219
322
20
70
288
417
56
377
96
472
335
211
458
343
371
266
35
238
222
24
309
3
392
257
154
121
284
161
263
440
169
464
307
295
204
233
1
367
442
424
72
294
287
470
341
251
92
391
171
185
418
177
398
120
348
36
500
272
60
452
153
78
351
323
448
80
415
275
326
180
166
314
109
175
334
268
382
71
260
292
368
441
119
396
8
410
320
337
298
483
376
361
290
93
281
191
422
167
296
106
349
94
62
399
318
73
103
317
342
481
168
14
230
195
403
13
261
456
447
51
457
357
487
235
91
89
128
104
170
75
491
303
38
12
184
480
350
459
360
475
240
54
355
405
236
188
467
216
207
40
378
429
262
138
125
48
10
333
196
231
182
158
374
332
205
469
289
139
27
197
276
446
173
412
380
255
449
484
312
44
126
15
9
176
427
499
102
2
431
143
313
297
194
316
471
208
90
83
460
7
16
347
117
385
228
49
453
82
300
250
423
393
111
278
462
375
356
495
451
77
31
344
246
46
254
486
193
416
329
397
55
306
433
354
129
124
400
411
210
280
454
362
365
59
394
283
352
406
101
206
149
384
241
430
17
186
269
61
438
428
476
492
229
105
181
214
369
339
57
485
466
305
39
132
63
34
325
271
372
224
379
140
473
21
66
401
162
213
28
110
421
477
252
6
133
304
319
86
234
152
500
9
263
60
381
295
457
260
2
482
342
112
18
455
244
179
267
338
485
163
246
405
472
192
240
424
158
427
365
242
400
38
300
227
200
49
80
337
36
360
334
139
298
54
125
235
129
127
498
464
396
185
287
462
248
330
332
118
406
128
488
474
27
121
198
207
201
19
305
114
82
475
6
410
140
280
489
168
194
346
229
368
79
292
222
414
306
321
352
143
206
45
391
446
75
382
296
345
178
152
467
323
484
132
134
403
268
470
142
83
442
378
347
96
416
460
487
34
465
417
397
172
430
50
71
171
111
97
44
169
395
102
254
262
21
88
288
495
494
205
350
374
431
301
104
423
15
259
24
349
39
138
408
411
81
325
468
191
443
291
101
204
385
279
10
253
119
394
145
387
261
147
93
77
333
326
20
490
230
3
314
32
243
473
478
86
399
344
476
232
351
216
177
208
377
452
4
25
272
137
115
41
68
500
249
480
164
107
23
289
454
380
110
210
144
356
203
106
90
188
316
123
61
319
214
343
100
146
62
392
64
357
398
317
496
458
477
73
159
386
481
217
340
223
58
420
236
72
174
461
329
212
274
412
160
98
225
87
366
149
409
271
297
437
450
186
445
42
85
43
491
67
311
136
124
94
105
187
324
130
181
241
63
215
65
103
167
239
195
157
285
109
497
266
84
70
74
435
413
234
78
492
14
418
281
284
46
425
237
228
76
47
304
312
252
373
22
328
415
176
453
341
444
447
483
48
189
211
282
354
299
221
493
469
327
448
434
393
389
153
59
456
436
362
233
135
92
370
315
209
184
35
278
56
257
255
202
438
364
52
251
218
276
286
13
141
359
277
37
256
404
459
422
433
390
419
224
388
197
429
154
499
336
190
180
55
1
258
238
30
449
91
40
479
69
247
384
33
294
275
273
264
331
407
182
369
426
265
162
432
466
367
421
117
53
5
89
486
401
26
290
318
193
308
199
309
113
122
31
372
156
17
226
358
375
348
151
133
175
11
379
335
51
293
12
355
270
439
302
361
7
155
95
166
371
307
310
441
126
196
131
213
120
28
428
451
165
99
440
150
231
363
402
220
245
173
283
66
471
383
16
57
116
250
322
339
269
313
376
108
29
148
183
161
353
170
219
303
320
8
463
500
217
464
4
111
248
397
59
454
31
155
488
84
22
194
118
402
64
292
403
373
298
346
450
444
246
362
139
485
19
418
461
447
333
85
52
126
13
193
342
138
341
378
94
286
76
213
259
235
422
237
188
443
245
327
187
12
274
435
177
120
411
147
122
117
79
355
302
6
77
36
277
284
262
242
191
62
44
414
11
318
241
35
452
350
453
205
326
329
385
352
182
67
478
270
131
469
479
380
232
417
269
406
312
160
98
494
372
28
290
427
279
140
189
180
150
466
240
144
439
2
210
445
399
429
219
171
374
263
71
448
419
70
21
499
152
119
29
238
265
310
301
198
202
61
16
393
476
37
412
106
148
127
471
99
288
383
55
125
53
420
225
206
212
173
434
379
438
280
116
345
344
405
458
38
186
295
456
369
174
315
455
200
308
156
306
490
381
497
247
363
364
153
462
183
283
487
281
366
57
313
261
80
481
233
473
396
489
303
112
258
207
282
124
196
168
446
425
161
87
220
474
319
170
314
221
58
78
351
493
484
271
214
465
60
356
197
431
108
209
486
184
100
50
136
260
317
18
287
289
159
137
424
66
110
285
386
54
475
273
143
249
228
96
296
323
83
480
300
179
222
30
325
123
278
334
75
267
305
82
331
470
407
218
347
1
371
291
208
463
457
251
430
9
477
8
293
254
496
56
304
472
195
204
181
498
68
491
500
367
358
395
234
227
109
336
3
46
17
14
349
428
365
81
268
433
102
91
266
322
309
255
15
384
135
216
376
101
370
129
39
377
360
7
97
416
324
337
88
132
239
391
169
151
5
409
223
211
192
146
10
441
133
389
203
115
338
134
157
243
264
413
63
27
348
95
236
176
328
190
149
69
483
353
92
175
339
24
316
65
48
354
49
231
121
51
167
72
307
226
199
492
74
299
482
244
357
398
250
321
41
185
73
257
43
436
320
272
276
164
332
162
215
311
47
390
297
401
32
432
382
253
45
375
437
468
408
252
410
25
158
404
442
145
421
275
201
388
107
130
93
330
294
361
33
460
400
440
40
449
495
128
451
142
392
343
90
166
23
415
113
163
335
230
340
256
42
359
86
423
224
426
20
114
34
105
141
467
26
172
387
459
165
89
154
178
394
103
229
104
368
500
52
212
221
442
411
247
490
49
392
2
412
125
110
274
489
457
246
473
416
82
445
380
435
131
172
429
127
132
243
156
150
351
198
95
13
494
309
289
81
43
40
295
183
275
83
160
248
250
302
296
180
375
9
174
252
319
293
181
104
41
314
397
91
353
231
333
143
323
152
261
482
146
159
192
53
21
257
229
176
197
46
188
218
329
284
70
415
120
298
373
54
310
423
108
155
26
72
424
163
300
170
158
390
336
433
338
335
256
30
478
203
74
290
29
413
65
371
128
76
56
422
387
19
477
175
452
84
417
136
344
362
78
325
419
96
299
350
486
186
404
354
369
47
443
77
225
276
320
367
35
147
17
130
349
282
224
140
92
227
204
194
62
306
432
195
94
28
384
465
255
260
216
133
279
474
68
458
135
182
356
154
134
496
391
171
368
278
434
398
144
328
214
297
142
37
468
460
191
210
386
437
283
187
352
196
405
238
7
151
341
115
263
476
281
111
418
118
90
385
358
280
462
149
32
162
407
69
233
495
487
308
456
34
107
185
258
441
305
339
493
488
137
346
217
394
27
38
33
267
383
106
410
39
428
123
51
97
228
200
402
129
425
396
178
364
100
25
75
381
71
189
479
497
466
414
470
448
122
42
86
348
301
317
472
343
492
481
357
312
389
242
327
311
179
288
388
464
409
8
359
220
58
377
16
285
360
259
165
79
241
268
292
294
201
219
113
12
454
455
11
253
139
57
382
121
461
272
239
124
273
287
6
345
446
400
393
431
480
101
50
141
138
245
326
420
342
254
209
103
427
499
193
485
315
378
334
444
117
202
55
395
64
20
66
430
399
199
408
63
304
291
447
85
316
3
5
184
145
213
361
114
153
469
374
206
355
80
23
177
436
237
403
406
347
421
60
322
211
18
164
223
205
190
208
99
331
31
266
265
440
207
67
112
235
226
269
318
340
230
439
366
24
169
10
491
93
463
89
449
87
119
475
426
438
277
451
36
1
370
173
88
167
244
270
483
73
116
379
45
324
15
471
222
157
168
337
14
498
262
166
61
126
105
450
500
249
22
236
332
44
459
271
307
48
303
215
264
286
98
234
401
232
453
372
330
365
467
484
161
102
240
148
376
59
109
313
363
251
321
4
500
444
428
345
245
302
210
32
305
15
19
361
135
125
289
138
324
468
236
427
10
5
453
464
1
89
329
34
195
111
358
175
71
158
383
325
277
456
51
169
102
63
334
320
397
177
372
482
62
330
213
295
72
255
293
205
124
93
343
204
457
52
376
315
148
30
87
88
136
446
250
150
414
206
180
203
185
118
442
269
202
347
296
230
50
336
57
386
233
182
339
159
316
238
154
41
16
142
11
303
131
38
418
459
314
350
186
294
407
240
140
258
408
377
495
76
309
498
388
78
466
276
264
22
429
214
313
405
197
447
310
231
451
208
232
265
74
280
401
378
3
412
487
470
112
187
221
223
193
86
257
8
308
420
53
272
37
99
194
415
95
152
430
43
116
301
423
371
239
367
98
155
119
217
81
497
331
224
381
328
441
363
246
235
18
490
220
70
68
399
437
271
460
409
445
411
49
299
337
105
475
174
483
234
179
454
211
274
7
384
404
243
253
338
144
69
496
94
226
24
191
297
59
2
488
12
114
273
110
500
416
450
162
225
106
27
45
319
184
390
165
262
484
341
149
109
218
244
120
115
481
364
422
82
476
103
198
398
263
485
65
311
160
356
382
80
137
458
478
472
474
58
60
178
352
64
241
494
66
46
123
292
393
268
421
188
259
146
199
279
67
75
14
164
33
192
251
85
25
410
467
104
335
432
362
254
369
266
463
354
79
207
161
252
96
121
379
499
373
402
493
215
212
189
166
181
318
365
132
385
229
97
219
413
77
321
267
92
349
375
389
370
56
344
17
359
486
323
122
353
190
29
400
21
473
462
342
395
117
449
443
201
39
285
26
425
287
157
435
317
333
261
278
200
167
288
61
101
36
351
227
13
134
424
242
107
387
129
216
260
151
332
108
366
440
394
436
48
455
469
90
141
326
171
28
403
176
42
9
147
153
471
100
492
360
438
357
374
54
55
304
439
290
348
31
163
256
284
35
391
47
247
270
465
172
461
248
406
300
368
322
380
426
392
20
6
282
170
209
275
222
168
133
346
298
156
84
23
479
44
419
127
396
452
40
113
128
417
491
139
145
91
143
489
434
312
281
183
237
286
83
196
448
126
283
477
480
4
340
73
327
433
307
249
173
228
130
431
355
291
306
500
228
358
143
203
364
306
353
379
354
125
454
170
481
97
337
139
168
500
487
39
319
356
408
219
389
331
10
253
27
469
242
187
31
285
14
109
25
237
352
54
445
279
271
181
34
224
157
64
205
134
147
450
114
240
411
282
345
474
435
231
209
430
466
190
136
446
112
443
144
280
398
150
316
396
123
384
468
16
348
23
72
221
376
8
120
11
274
309
272
381
334
50
195
478
437
161
244
388
251
349
154
257
428
296
138
184
141
409
59
17
407
256
121
263
88
28
19
24
483
326
266
414
129
211
493
171
204
499
277
378
207
441
158
447
460
151
315
218
275
56
429
193
327
340
52
13
40
183
42
82
484
418
421
69
7
153
410
30
377
382
126
63
53
322
65
96
422
86
341
419
397
491
155
369
321
235
395
159
131
424
174
58
67
261
291
259
432
81
133
111
198
80
456
431
132
238
273
43
380
173
60
229
440
393
480
22
191
267
444
230
236
425
442
402
127
5
41
21
486
482
223
213
227
324
453
489
197
79
476
37
164
342
77
452
85
363
99
268
214
367
387
103
215
303
135
412
182
299
449
104
434
310
101
119
375
335
177
95
372
20
178
373
15
439
294
94
347
226
61
301
416
241
320
78
32
265
269
75
148
360
29
208
308
176
278
194
1
239
270
462
290
89
3
117
390
286
485
495
189
436
346
165
105
98
128
137
110
192
243
35
149
433
488
328
357
297
57
415
186
420
246
172
156
318
391
264
108
248
473
199
386
438
45
188
307
258
142
457
304
305
295
287
115
465
92
365
66
405
122
288
350
471
83
325
459
44
33
201
38
494
370
87
47
394
73
317
222
212
451
298
252
51
467
392
210
400
4
302
368
90
49
169
490
163
470
374
116
351
70
18
344
300
343
216
220
276
323
313
146
202
385
118
247
160
255
497
46
200
175
406
196
2
361
180
463
36
179
289
124
333
9
472
492
417
401
359
366
145
281
423
314
245
362
293
71
130
413
455
48
404
106
167
113
225
185
399
254
55
250
262
371
498
162
217
12
336
339
355
479
458
76
284
233
249
206
68
74
427
234
332
338
448
102
84
140
330
477
426
260
403
100
26
93
232
329
312
464
292
152
311
166
475
383
496
91
6
107
283
62
461
500
445
390
406
60
245
360
382
23
179
296
293
470
28
161
222
366
172
276
414
496
472
196
401
96
424
224
458
61
141
272
333
250
498
139
90
119
194
389
249
442
448
4
271
81
339
270
234
430
453
42
57
364
462
69
323
342
303
450
463
124
415
438
269
398
126
70
154
9
277
457
40
107
59
308
286
322
373
421
178
340
350
394
67
175
76
334
244
266
146
274
437
452
205
318
233
83
58
218
166
321
27
98
262
49
87
495
221
267
302
359
201
79
311
204
8
387
371
150
46
358
138
441
125
361
3
468
68
195
35
485
357
400
396
220
355
408
377
174
131
155
449
37
469
446
165
184
383
116
335
279
104
460
375
255
223
347
493
435
287
290
45
207
416
254
380
115
143
187
135
22
491
268
265
169
228
444
345
328
215
181
230
123
65
15
117
486
2
404
56
484
467
216
258
77
273
320
170
326
173
105
177
443
186
399
74
158
426
127
10
407
282
275
425
431
206
316
352
422
48
252
386
479
477
417
241
259
43
297
144
292
348
349
20
473
260
24
365
402
18
332
492
94
213
38
410
54
261
243
397
109
391
51
156
412
157
331
235
147
199
304
44
162
283
409
129
63
95
66
439
78
295
317
256
299
351
62
306
419
92
420
497
209
140
97
440
80
19
319
284
288
26
159
132
128
433
490
240
64
455
93
112
480
203
192
39
236
385
148
151
488
133
346
499
30
229
310
1
456
403
413
285
89
427
88
118
142
189
291
239
86
461
227
13
489
21
136
167
225
483
336
152
108
52
238
153
237
193
353
91
47
122
73
145
36
354
106
482
300
101
481
447
190
329
487
367
368
363
301
474
53
369
182
188
72
257
163
314
137
214
50
242
423
41
384
356
114
392
171
251
454
7
85
164
71
185
212
281
475
12
16
466
343
395
327
451
315
82
278
149
370
432
289
379
110
197
376
160
341
113
429
226
84
428
11
99
111
183
232
478
5
325
253
494
102
217
263
372
264
25
280
134
247
405
388
219
418
100
464
191
307
246
75
211
34
436
434
393
55
208
14
374
330
210
337
312
298
324
29
32
471
231
294
130
476
33
6
465
200
248
459
121
180
500
362
305
198
120
344
202
176
381
168
411
17
103
378
309
338
313
31
500
123
458
229
216
207
45
260
203
450
414
105
339
28
172
318
430
147
191
245
165
462
63
298
75
416
88
153
13
44
175
284
261
218
241
85
112
50
247
22
188
409
405
289
26
196
427
124
421
453
127
292
134
214
35
53
101
437
302
390
354
310
212
379
397
324
231
443
60
183
469
381
325
342
257
293
62
322
236
330
226
471
9
402
386
115
221
192
83
376
422
210
51
102
423
312
304
473
377
374
237
335
117
30
21
274
211
7
494
345
76
438
451
280
249
42
254
198
126
297
140
129
93
311
448
300
352
222
99
340
148
234
264
173
334
378
314
258
170
413
1
408
357
39
329
66
110
19
200
70
146
97
319
187
271
79
306
174
208
40
455
341
109
223
434
8
392
201
447
290
456
138
168
496
246
69
454
429
242
399
182
31
81
78
364
440
67
184
253
493
383
420
286
225
206
278
384
348
365
360
158
389
186
466
144
373
120
220
235
370
118
250
194
457
233
419
132
277
316
283
252
358
337
46
91
263
197
57
369
12
375
349
359
273
162
326
361
465
59
388
103
269
481
73
463
266
256
442
166
387
385
128
449
205
404
36
14
6
122
323
444
328
363
195
164
199
141
224
332
151
441
61
418
82
367
159
320
346
396
483
171
58
259
74
17
272
287
403
106
32
95
347
230
54
294
479
217
482
248
406
317
470
410
356
152
255
65
161
435
309
490
202
10
307
136
119
167
478
240
24
285
137
163
488
382
64
299
16
80
178
467
398
275
351
281
215
321
139
71
270
177
476
111
336
189
291
155
474
160
489
238
446
180
20
145
355
27
431
282
49
5
407
227
333
2
412
417
366
179
72
327
23
394
415
92
500
41
305
485
68
232
87
480
114
491
498
193
38
142
3
150
315
185
477
368
37
452
100
487
267
468
84
288
464
424
391
89
243
486
362
459
47
15
219
425
94
445
156
492
497
131
331
157
90
371
428
338
108
33
262
308
11
113
353
96
268
411
213
380
439
279
393
350
48
98
313
495
209
499
116
400
43
484
426
472
176
125
475
135
461
4
433
77
149
133
52
343
276
239
25
107
228
121
244
190
181
169
303
372
395
18
154
251
204
86
34
301
401
295
436
344
56
460
130
104
143
296
29
265
432
55
500
393
379
478
39
182
90
400
14
346
304
203
64
473
142
102
282
170
176
360
168
107
387
260
227
28
65
220
366
134
117
101
228
212
343
285
122
334
403
497
89
74
157
322
154
207
388
84
257
95
195
437
335
467
421
83
178
190
26
169
409
167
397
450
204
78
160
488
283
337
19
138
417
224
427
118
253
237
374
99
413
184
416
410
487
500
251
131
486
112
369
459
139
313
174
218
333
451
7
163
350
299
307
67
348
11
3
271
339
390
133
126
395
241
219
30
262
110
394
302
87
306
29
214
208
415
136
10
494
462
457
144
319
73
153
62
226
43
499
38
381
155
310
114
474
23
447
480
96
357
76
418
244
363
180
236
406
442
188
243
255
396
309
61
294
27
229
358
17
297
443
422
483
245
197
34
469
318
489
455
60
288
270
429
327
94
479
225
202
75
351
377
141
71
264
15
137
258
249
111
287
128
59
209
48
365
316
439
49
401
468
446
341
177
425
127
407
256
55
354
470
496
414
352
16
359
199
113
493
132
317
193
411
383
432
194
372
265
135
464
289
293
498
386
303
364
278
166
44
13
46
47
32
40
435
92
267
91
246
35
311
361
389
338
254
125
215
347
371
476
323
58
454
382
460
273
231
362
79
56
385
281
461
492
298
158
329
12
444
88
149
105
179
375
308
31
268
405
217
295
68
164
248
145
232
198
312
404
355
222
8
18
305
330
191
129
466
147
4
6
201
314
495
210
205
41
63
230
402
37
70
250
172
98
223
433
391
453
25
419
325
116
140
143
344
326
252
445
185
36
100
284
266
274
475
42
200
291
82
9
54
165
247
292
331
431
430
171
441
345
272
384
340
196
376
121
97
57
465
162
216
342
324
332
428
440
124
146
408
240
24
51
472
491
328
463
159
320
186
211
1
221
80
420
20
156
175
438
2
234
392
152
458
380
81
275
50
86
242
448
52
150
5
424
66
189
85
187
434
206
115
213
192
373
356
106
109
398
263
426
370
353
301
423
120
45
123
235
477
296
33
238
259
279
399
336
300
93
412
290
321
269
280
130
436
456
349
173
481
21
449
367
277
108
72
482
233
261
452
368
104
77
53
490
484
103
69
151
181
315
148
485
276
119
239
183
378
286
161
471
22
500
301
393
188
461
50
321
36
314
261
333
167
216
487
163
460
271
171
222
262
197
186
92
141
88
195
198
9
305
493
93
161
75
459
126
98
31
154
248
79
322
346
328
230
246
108
414
231
15
71
78
404
240
293
125
107
245
360
159
5
397
431
201
340
319
309
446
303
40
425
89
256
292
359
381
456
390
350
498
473
394
295
497
421
280
299
218
199
449
26
377
19
466
362
401
380
73
472
379
297
6
203
10
35
483
252
53
364
488
105
33
110
399
196
317
448
310
484
116
117
411
463
332
134
51
223
304
138
412
3
274
179
474
43
302
407
113
485
339
500
422
269
430
257
351
96
41
277
357
387
253
403
76
298
48
151
80
465
152
52
436
153
28
354
209
156
103
224
451
238
353
228
128
61
27
18
294
72
4
182
285
417
385
46
23
94
452
445
20
482
287
338
318
206
255
368
406
164
477
119
208
478
187
341
464
361
444
12
371
144
173
205
194
24
342
1
402
124
177
81
419
143
86
140
495
424
145
306
345
283
115
316
232
475
200
17
331
148
486
13
458
244
127
335
137
251
432
183
270
142
372
330
210
455
311
469
439
60
34
496
236
275
438
428
215
476
247
413
492
491
281
16
101
272
64
426
352
450
106
37
102
337
284
479
83
307
63
233
174
130
2
267
189
378
219
312
300
168
258
276
249
268
395
447
69
160
470
62
329
220
192
114
66
44
363
122
22
278
169
214
49
91
453
97
344
392
480
95
384
282
38
242
184
139
263
150
382
129
405
56
288
296
211
418
29
471
388
315
181
375
21
490
162
429
67
157
481
221
489
366
77
45
90
65
408
290
415
325
254
155
84
226
467
185
193
237
235
190
356
243
58
149
176
323
416
136
32
369
120
443
286
410
273
398
442
212
104
234
326
420
499
434
409
42
400
433
229
386
308
180
367
457
133
132
11
166
462
435
389
260
225
131
374
178
99
70
147
264
25
118
175
239
74
191
383
217
324
313
250
265
376
146
427
349
82
8
327
85
111
227
135
343
39
7
57
259
266
423
373
172
54
454
279
213
100
170
358
355
241
348
289
47
334
320
59
30
158
87
55
370
437
336
441
68
494
207
109
204
396
291
440
123
121
468
391
165
112
365
347
202
14
500
350
385
59
317
201
439
260
151
199
413
442
261
238
416
300
268
240
455
235
173
168
142
236
410
379
493
404
274
149
338
118
315
15
362
306
397
489
187
323
79
47
262
181
248
436
387
159
109
450
12
154
126
241
340
276
26
105
232
355
370
144
384
310
50
291
247
299
324
289
425
438
81
148
145
209
327
162
345
222
77
205
178
447
95
330
467
5
415
429
466
198
359
380
186
448
411
106
72
280
183
130
361
16
237
127
242
86
7
443
231
281
321
272
454
319
284
216
395
195
10
414
481
135
113
374
406
164
373
389
360
22
89
332
301
150
45
266
14
298
196
111
119
167
80
401
104
147
41
230
84
61
68
177
458
188
51
57
369
368
435
19
31
182
36
465
3
365
211
56
8
251
473
54
249
189
217
258
226
44
107
486
285
176
320
197
462
381
383
87
322
203
277
165
35
279
13
452
419
246
356
139
65
134
444
166
390
304
337
388
122
479
234
329
225
496
28
318
49
456
11
446
37
160
348
138
427
325
124
409
408
103
221
470
179
39
341
495
457
152
99
472
170
378
18
343
24
125
172
158
4
267
131
271
494
98
453
91
349
475
62
499
137
60
6
328
366
296
313
403
110
434
141
93
202
143
204
288
155
421
29
206
311
163
312
469
136
40
67
259
392
129
90
292
346
295
437
402
233
428
146
69
38
229
307
426
445
92
58
376
223
476
193
161
190
393
219
483
347
94
342
336
358
48
184
257
120
17
140
482
498
432
290
208
275
244
287
459
2
460
412
367
70
30
74
192
478
394
488
297
302
75
500
215
55
282
391
255
156
464
218
256
487
71
480
353
309
451
108
33
354
27
364
422
185
423
112
174
386
396
73
382
76
1
82
96
88
115
269
83
484
474
169
372
85
344
212
335
243
121
191
253
20
263
331
194
245
471
43
308
490
210
270
294
252
116
207
433
213
46
153
64
405
228
66
264
477
278
430
400
117
133
102
32
34
491
293
420
250
23
97
399
303
352
418
375
431
461
283
52
53
180
128
63
239
224
123
440
316
114
357
286
492
398
21
334
200
9
265
227
407
449
351
417
254
214
497
132
326
424
171
157
305
363
175
101
25
463
485
377
371
100
78
333
273
468
441
220
314
339
42
500
52
61
347
150
207
130
288
408
477
255
229
28
376
378
472
63
343
383
283
395
94
152
51
409
154
261
156
1
220
204
36
196
385
32
218
109
241
285
70
31
122
446
339
361
161
498
57
415
357
281
208
468
11
362
149
490
163
275
327
412
107
344
186
471
129
35
481
314
324
492
203
183
406
292
301
353
105
137
110
82
88
15
214
267
238
252
30
374
282
337
454
331
320
432
210
234
460
364
6
55
387
497
202
437
39
20
284
120
72
90
291
246
228
484
290
366
168
493
313
435
482
45
438
176
221
187
199
405
462
434
158
466
80
452
201
206
240
480
257
242
92
119
9
167
243
2
410
190
403
311
458
223
29
79
358
380
33
103
235
456
307
38
165
365
474
448
309
64
54
233
356
232
230
258
417
443
388
185
224
293
299
439
318
271
211
254
147
126
323
142
392
118
326
182
400
250
319
312
384
42
164
197
287
212
270
286
245
111
100
346
308
59
131
47
416
60
117
67
141
350
315
34
371
478
280
7
222
213
341
209
253
174
215
162
157
133
391
83
325
489
194
237
397
295
429
8
381
172
170
386
377
50
488
473
58
260
216
394
263
160
148
189
486
256
181
268
276
128
424
37
226
175
389
19
436
18
192
239
125
342
427
171
26
247
269
23
411
369
177
306
200
227
46
402
372
231
13
123
81
219
155
127
205
85
97
104
217
69
338
40
43
467
101
317
421
24
444
354
89
145
249
407
251
4
56
441
144
496
333
310
21
66
113
12
373
139
298
73
138
430
428
329
272
22
330
93
457
485
414
294
262
495
483
134
124
264
106
379
491
71
316
351
266
277
393
367
96
500
449
44
476
418
479
121
423
426
499
332
184
108
296
396
75
359
179
112
236
470
225
398
180
336
14
335
433
259
461
328
195
68
401
132
370
193
321
442
422
265
360
465
115
17
169
334
53
153
178
173
413
95
297
304
114
274
143
136
349
322
273
198
363
445
348
450
303
135
278
248
87
3
469
390
302
305
463
41
10
419
91
27
16
25
447
289
375
76
340
188
98
420
62
84
5
355
425
300
102
345
431
99
86
116
453
279
475
49
77
368
74
487
244
464
48
404
146
459
352
78
455
399
494
140
65
159
191
440
166
451
382
151
500
212
392
213
259
417
218
36
276
238
228
77
222
133
145
349
385
48
27
313
332
99
324
137
62
185
206
376
352
173
498
453
56
280
76
344
120
255
192
490
370
113
406
460
409
198
195
478
74
273
319
382
473
20
142
283
320
243
10
434
190
157
205
171
35
284
441
41
178
12
474
46
411
17
227
342
129
383
43
394
105
144
63
443
303
14
5
321
11
481
426
432
235
379
353
380
416
500
257
477
176
180
197
405
211
174
499
239
252
304
316
109
272
135
68
33
262
7
422
448
367
256
200
386
234
66
91
123
179
470
323
38
296
183
449
369
87
187
266
98
90
65
116
425
31
329
308
210
4
430
124
291
454
340
57
261
102
444
298
315
28
100
26
295
92
39
419
264
288
16
103
159
415
339
64
245
177
377
122
281
253
131
151
408
412
334
322
355
429
202
464
306
348
94
172
461
34
271
312
390
427
374
401
314
440
250
184
169
446
333
22
418
126
438
435
164
8
484
467
71
368
437
328
118
50
407
403
326
61
117
81
309
442
278
337
391
140
366
496
495
251
436
372
240
359
67
325
45
350
73
463
485
318
282
141
182
119
127
488
249
29
236
158
162
233
387
258
494
459
155
152
231
60
396
154
208
125
69
188
381
51
95
397
88
40
421
395
289
19
209
469
475
18
389
476
414
132
433
452
37
413
143
267
221
147
217
219
275
462
497
354
362
189
97
457
226
9
468
358
388
1
487
170
216
378
455
360
58
420
80
242
301
331
153
167
491
341
466
72
241
136
263
166
338
237
269
445
393
85
317
115
139
286
336
277
431
110
274
220
451
327
292
21
23
294
121
244
86
53
104
47
146
399
300
111
456
108
175
204
93
75
246
480
149
410
230
229
52
138
398
297
293
201
203
193
44
265
343
472
254
363
285
186
96
247
156
107
450
357
165
493
3
89
346
101
224
305
287
70
150
49
356
268
351
106
215
279
148
181
160
482
347
371
134
465
335
59
384
307
24
248
345
400
79
302
30
310
161
492
15
270
163
223
458
84
479
112
168
311
402
32
13
130
191
6
260
299
82
83
55
373
225
128
361
2
290
330
54
447
471
364
428
78
25
483
424
439
404
196
42
489
375
365
114
194
486
214
423
207
199
232
500
403
210
400
86
370
31
164
267
15
290
256
415
429
251
8
437
189
387
344
440
125
64
411
65
22
273
126
308
94
112
444
2
265
7
326
133
228
266
206
282
434
482
48
96
227
59
416
378
121
21
81
350
106
305
386
187
250
259
349
277
453
298
276
151
306
410
49
351
102
450
430
358
436
340
394
107
168
113
91
218
417
477
23
114
495
407
53
375
433
99
101
95
109
346
135
55
122
402
381
20
422
487
130
142
447
481
323
328
197
462
492
117
468
471
43
241
396
175
154
45
395
296
129
247
355
292
478
393
36
199
497
496
490
211
491
254
313
12
367
390
85
37
452
80
363
27
369
76
214
202
310
87
366
180
24
170
309
456
57
315
26
406
307
499
249
384
365
35
47
110
224
408
352
200
192
42
283
33
156
153
467
46
72
116
69
73
321
275
44
38
137
461
271
374
314
219
441
325
489
138
354
449
360
177
103
132
82
428
457
9
460
421
472
446
464
285
205
438
455
159
184
319
311
454
118
217
459
483
316
234
225
78
442
451
1
155
128
29
255
297
108
6
75
289
330
120
458
364
39
337
473
486
392
149
245
191
14
195
134
339
301
11
119
174
172
409
261
237
373
322
58
476
280
420
32
5
239
90
98
123
240
229
485
426
220
111
68
336
342
413
146
445
207
262
161
105
17
167
379
40
331
427
302
372
286
178
222
329
332
215
52
188
152
144
4
182
89
131
19
212
79
348
158
147
140
115
213
127
380
465
377
28
148
463
194
83
190
67
391
231
401
233
203
242
93
25
500
362
253
238
141
13
412
173
60
397
3
193
70
333
268
163
419
320
493
480
100
399
30
368
145
248
288
274
318
246
281
432
300
404
171
208
376
382
335
494
176
425
448
34
295
361
209
198
324
479
359
252
84
236
244
353
201
216
263
97
385
389
474
139
169
54
278
439
443
185
341
431
62
294
405
264
183
66
143
136
16
304
50
383
299
270
388
258
181
279
470
312
356
303
435
293
221
466
186
498
235
71
124
165
10
371
484
160
196
423
92
41
77
272
424
74
347
104
232
162
56
334
226
204
357
398
291
327
230
61
63
166
257
260
343
345
243
418
18
284
414
179
223
338
475
51
317
287
488
150
157
269
88
469
500
387
118
82
473
70
368
446
259
258
455
218
305
210
355
95
307
366
108
7
352
149
97
432
326
30
458
154
474
339
316
186
55
415
91
423
106
278
48
14
447
180
192
202
145
392
46
248
182
406
238
261
401
19
60
320
158
22
13
2
441
104
31
152
260
34
294
243
284
466
199
101
453
116
410
185
203
482
209
303
298
124
500
480
396
286
11
50
179
362
311
212
428
422
196
130
245
454
114
184
12
269
56
448
263
127
153
439
49
123
222
195
485
343
254
459
80
58
374
308
59
365
161
9
171
132
276
340
88
369
338
8
331
322
411
64
163
75
370
247
119
72
425
173
273
462
408
177
150
461
6
175
37
332
143
102
18
383
110
122
310
33
83
228
404
318
113
35
112
431
41
356
201
302
87
76
25
166
398
277
361
15
265
90
470
66
335
319
427
92
169
221
32
126
433
419
99
475
403
4
144
334
198
79
364
378
481
290
385
301
109
65
214
200
256
285
231
165
17
348
107
443
296
94
211
230
131
336
240
225
464
250
456
375
463
183
168
328
208
399
354
405
3
413
416
44
388
189
139
372
460
136
264
216
151
479
155
61
272
242
53
40
51
270
329
194
213
498
157
295
317
21
141
358
96
384
68
488
465
125
469
451
262
89
29
435
274
129
417
205
347
282
426
400
187
235
490
223
81
314
487
1
430
297
394
287
197
135
292
450
93
142
227
67
437
412
457
315
86
268
389
414
344
391
74
115
299
255
178
140
239
120
181
224
407
402
193
190
390
438
293
191
10
452
436
409
376
236
321
159
57
325
103
54
188
133
497
249
204
98
349
73
351
306
39
330
333
266
267
84
291
493
350
491
251
226
445
52
484
43
288
494
489
499
337
85
220
342
467
219
468
309
241
327
380
215
147
170
24
246
229
495
486
477
496
360
233
71
341
117
111
20
346
47
345
137
174
42
429
393
156
271
324
434
280
252
121
478
257
164
206
476
289
63
382
359
472
16
304
148
492
395
313
45
275
281
483
27
253
217
138
421
363
167
279
5
381
442
357
176
105
379
69
449
386
440
62
244
234
232
420
377
146
397
424
26
300
36
172
38
471
23
77
207
100
283
128
134
312
160
371
367
78
353
444
373
28
418
162
323
237
500
108
390
327
371
312
276
142
187
356
165
378
210
465
36
190
200
499
171
287
303
227
321
453
495
477
289
425
159
128
319
153
314
290
246
468
237
256
13
255
475
100
47
26
469
233
121
211
492
221
265
242
208
491
384
63
446
481
167
106
329
405
66
105
249
186
52
417
175
70
202
30
79
160
44
185
118
247
95
467
60
51
305
315
89
67
500
124
413
449
379
345
53
404
323
273
58
436
383
398
82
416
101
363
39
451
331
250
64
407
40
9
459
476
178
87
368
409
43
93
412
204
143
335
367
196
86
37
15
116
415
306
316
23
32
457
455
234
90
197
462
54
420
443
188
359
223
373
269
266
339
439
157
17
253
408
450
431
25
460
473
270
374
50
155
206
437
394
111
458
267
397
258
42
122
103
347
252
387
296
96
219
222
119
472
61
422
254
248
162
299
271
88
34
170
245
236
396
464
291
109
46
209
488
391
479
216
62
364
294
136
487
482
212
74
97
135
112
401
81
324
29
442
348
338
134
127
333
244
278
366
38
161
98
198
309
73
346
133
301
80
147
156
426
174
140
275
419
91
215
284
463
330
35
232
470
179
279
395
55
361
497
113
230
410
65
149
94
423
268
220
76
311
354
1
172
225
137
184
418
441
20
205
326
336
369
435
332
78
24
59
355
282
438
19
224
444
56
334
386
456
318
217
483
33
471
243
353
150
295
310
241
146
110
452
72
141
466
131
75
181
132
192
448
115
11
406
493
490
421
402
489
16
429
31
351
3
382
362
193
240
77
445
120
480
218
370
126
388
414
125
302
199
454
138
68
189
376
49
343
129
195
474
283
293
325
152
403
411
307
22
229
148
158
337
352
123
8
328
485
228
432
177
461
381
99
69
102
285
10
297
433
313
350
298
83
288
344
259
41
27
238
166
341
163
342
194
7
380
164
104
154
308
48
393
424
262
107
214
428
176
151
498
92
57
261
21
365
182
169
84
139
226
191
484
281
173
251
360
486
5
45
375
180
340
144
400
263
320
385
145
399
6
168
114
292
358
213
18
257
304
317
12
389
28
372
274
235
183
85
478
130
4
427
357
300
239
203
260
440
377
286
201
434
71
280
2
496
272
430
264
447
14
392
207
494
277
322
231
349
117
500
380
454
65
123
30
243
168
357
147
304
308
333
170
272
397
76
471
429
436
297
487
262
25
309
418
188
155
326
452
53
421
254
140
157
237
105
62
302
331
317
420
373
212
104
351
484
149
192
379
362
388
230
189
258
205
360
396
383
109
352
278
443
101
269
287
478
468
31
359
169
107
182
312
300
186
324
393
20
435
134
349
220
463
285
448
228
428
293
303
106
190
217
386
485
165
306
27
457
492
96
141
171
111
261
84
73
409
301
4
314
166
238
456
339
288
496
21
361
154
245
204
6
54
87
191
267
260
173
124
318
181
445
256
406
10
469
219
117
85
437
98
185
455
432
69
378
122
358
315
476
164
444
26
391
347
214
233
42
56
330
279
387
280
381
313
458
33
307
438
38
423
64
402
51
5
81
416
364
221
143
79
465
434
462
235
80
316
310
78
153
145
183
394
163
329
32
8
440
344
461
41
58
248
252
207
442
100
466
18
414
408
55
9
127
213
148
343
419
247
234
74
28
464
417
45
40
328
273
340
290
311
337
323
253
218
2
99
264
425
146
108
497
102
113
296
427
36
474
116
472
198
203
13
401
89
460
495
411
161
112
451
355
121
202
37
277
395
384
120
390
211
404
366
385
201
412
39
139
70
97
498
265
68
367
129
176
433
342
369
7
229
133
94
175
177
480
467
131
137
341
44
271
232
320
17
66
450
142
199
236
482
126
479
67
281
156
138
103
486
208
172
322
365
259
43
249
370
119
325
292
239
286
19
422
158
115
257
403
50
206
284
275
12
473
353
321
226
299
477
179
447
90
35
225
470
376
1
162
493
136
368
59
180
110
499
446
60
255
197
274
481
222
335
48
210
3
184
223
246
118
114
459
130
424
334
178
24
151
372
298
88
268
187
52
415
426
491
371
150
291
449
160
389
16
374
196
63
332
194
86
382
430
295
132
490
350
354
475
144
83
174
488
377
61
95
400
489
152
336
125
483
82
348
441
57
71
431
289
282
193
23
345
283
135
167
11
224
263
14
128
77
159
494
251
216
413
398
92
363
405
240
338
29
319
294
227
500
375
47
231
15
49
34
241
75
410
195
200
453
399
327
22
242
356
244
276
209
215
91
46
250
270
305
266
346
93
407
392
72
439
500
92
278
264
434
436
377
133
156
366
402
375
376
238
359
306
141
237
97
437
136
454
161
4
65
450
164
176
497
312
31
62
269
154
58
293
146
466
73
439
118
317
283
422
343
147
329
3
225
124
104
217
223
429
482
68
149
89
30
216
260
389
417
275
42
424
340
160
353
348
381
276
207
218
403
398
186
44
266
215
177
131
277
61
441
43
116
162
46
34
18
440
140
129
309
427
201
153
5
119
258
98
69
167
425
222
333
198
390
221
15
90
17
33
443
174
234
144
413
358
72
206
462
180
81
28
336
334
52
391
184
113
128
354
452
55
85
35
239
380
300
352
214
469
268
320
32
378
105
102
426
448
373
489
408
53
396
432
202
100
270
370
344
253
255
337
158
433
82
487
401
171
453
193
291
245
235
257
481
8
263
357
178
470
445
121
342
41
298
493
120
91
205
362
99
285
75
57
397
438
265
261
227
364
229
290
241
107
220
192
332
157
259
10
134
416
339
232
165
182
301
39
468
256
409
365
318
326
150
132
240
473
477
135
25
213
324
483
302
236
415
411
79
465
412
407
327
414
114
87
173
6
230
392
110
459
349
21
280
322
242
64
350
325
88
152
371
345
484
204
70
233
341
273
308
361
421
471
430
9
76
101
155
188
461
463
94
22
209
172
189
294
331
66
405
467
431
210
310
356
179
303
314
500
304
148
496
74
139
103
67
183
19
211
464
382
219
305
86
316
106
384
295
444
142
203
395
248
191
13
159
388
363
123
458
319
498
1
78
47
249
476
486
187
231
130
419
281
455
226
175
418
96
274
374
479
197
181
194
38
387
138
330
267
24
442
323
490
292
244
170
491
347
50
251
485
447
196
296
297
111
60
166
400
26
23
282
252
151
112
428
474
27
369
208
367
404
250
315
393
451
143
115
472
456
360
399
372
368
40
307
313
163
286
145
299
338
126
77
80
499
460
383
386
212
122
195
2
108
11
480
14
56
63
84
272
125
394
7
284
29
446
224
355
492
16
328
385
190
410
379
449
478
127
475
279
83
288
494
93
200
495
435
420
54
37
289
423
95
168
457
137
346
48
246
254
488
71
321
262
59
335
199
185
117
109
351
12
247
20
228
51
169
49
311
287
271
45
406
36
243
500
488
450
460
407
337
52
217
149
74
262
369
261
309
255
179
403
99
177
222
412
458
160
101
470
73
220
223
158
315
56
353
95
110
243
21
375
357
201
256
19
106
91
274
371
167
50
70
154
238
374
43
146
20
429
325
472
168
379
213
13
351
210
463
264
281
216
134
487
142
40
138
54
133
454
386
359
473
100
68
399
284
495
327
1
132
466
176
414
295
76
63
404
346
174
361
356
78
322
311
387
330
36
497
9
55
148
61
437
406
221
467
205
195
489
107
250
64
499
88
184
411
94
236
358
96
328
308
449
294
496
316
254
228
271
155
266
336
180
465
226
97
150
352
157
268
67
202
436
451
253
438
231
483
333
314
480
188
219
199
474
124
419
75
141
345
15
498
405
90
122
10
159
444
60
24
459
446
49
289
299
452
33
365
130
135
317
147
206
321
242
25
86
342
234
486
245
229
402
258
144
426
212
400
344
278
306
186
422
172
197
239
302
416
175
490
455
173
214
37
363
360
128
129
326
58
111
235
280
339
227
343
270
305
8
115
461
248
370
272
277
329
48
93
298
318
378
215
189
372
432
103
232
77
140
171
121
431
453
240
349
137
282
53
233
332
312
331
127
428
109
156
116
269
72
421
347
391
18
46
30
85
126
408
164
123
257
31
200
366
275
139
39
394
323
193
362
79
249
265
385
389
230
29
47
462
434
98
145
112
448
288
7
364
143
209
482
185
479
260
81
207
42
291
304
62
23
120
166
224
430
307
38
338
396
319
427
476
433
152
119
475
118
355
287
87
57
108
297
423
14
4
204
468
384
251
273
169
196
390
401
203
136
65
368
44
464
457
424
313
415
303
45
35
397
324
292
373
178
28
117
283
435
393
413
66
484
500
377
301
225
89
279
376
341
350
381
11
440
447
296
485
34
32
354
471
241
445
162
51
5
161
92
41
267
153
293
3
259
493
492
477
340
125
367
27
71
244
442
246
105
59
418
398
12
190
17
380
417
491
218
252
481
151
183
441
263
194
334
84
237
494
478
191
409
208
420
83
247
6
181
198
113
165
163
82
211
182
382
348
392
285
300
114
443
102
286
395
170
26
80
320
69
2
335
192
439
187
22
388
16
456
469
276
131
425
290
383
104
410
310
500
441
318
442
74
393
400
111
139
315
183
54
423
217
349
482
319
254
230
488
354
372
272
178
250
177
72
463
169
80
478
277
303
102
181
440
383
410
426
447
314
236
469
156
68
297
173
454
490
64
96
388
185
364
430
138
451
11
312
435
75
114
14
175
328
195
165
143
73
51
237
333
376
362
6
117
335
228
12
282
8
394
281
200
367
466
7
493
188
266
477
287
57
121
310
275
418
497
462
90
351
225
1
485
238
2
126
180
91
404
21
327
304
389
34
3
432
9
43
124
413
392
284
172
48
295
468
427
118
249
267
429
326
145
273
40
105
323
240
464
305
368
259
95
47
82
191
33
98
131
174
452
170
409
101
201
446
500
438
288
127
299
179
219
115
234
186
233
99
202
377
411
55
300
396
235
107
424
226
84
395
263
322
359
324
342
269
53
457
229
163
158
384
192
166
37
63
365
499
261
414
199
49
88
167
56
285
38
119
357
363
270
286
417
159
255
445
60
496
243
405
25
83
4
348
279
470
370
24
116
161
467
59
110
70
94
69
420
198
340
320
460
366
483
245
227
356
247
311
52
459
23
190
293
374
58
246
379
471
93
97
41
421
386
36
338
26
142
65
86
151
448
276
329
391
473
345
290
406
27
92
241
264
437
210
271
182
253
308
439
136
274
62
79
278
321
412
262
268
486
147
137
122
104
378
176
45
152
358
492
371
484
316
208
242
302
341
29
474
42
458
491
106
398
336
407
450
433
149
20
103
146
399
244
425
78
144
44
291
472
160
355
162
130
344
260
204
360
132
317
475
209
434
330
408
416
294
50
133
66
31
171
218
347
385
298
28
283
256
87
189
251
81
221
108
89
194
289
419
13
258
135
125
22
213
331
113
353
387
18
296
85
495
346
422
252
67
216
431
280
16
443
402
373
32
224
453
203
15
164
309
456
71
465
61
479
196
5
301
76
134
339
498
350
19
10
205
140
157
248
207
382
168
231
487
428
123
489
455
292
436
390
476
381
337
361
415
444
197
239
222
129
220
214
184
215
257
232
109
307
150
155
401
112
212
352
46
461
128
325
343
77
369
206
148
100
306
449
120
397
313
153
481
480
332
39
380
223
141
403
211
334
265
375
193
17
494
30
187
154
35
500
45
120
414
150
352
410
83
67
276
232
499
28
97
188
274
391
434
308
82
497
282
39
404
121
444
325
177
103
63
469
337
178
161
227
221
70
173
361
423
398
288
418
174
96
257
9
41
146
129
476
76
51
328
453
289
236
450
251
108
489
233
172
21
318
248
186
474
319
206
399
107
255
457
344
273
417
296
210
37
422
165
17
100
286
137
62
195
452
310
135
454
313
355
374
112
415
4
89
247
65
185
473
354
295
235
141
50
375
199
382
127
73
495
34
109
32
435
419
3
30
201
240
491
351
184
42
464
192
305
281
338
196
25
205
52
467
332
245
345
384
263
11
86
105
140
455
49
373
397
409
27
26
87
309
266
24
53
381
88
396
23
339
81
370
330
468
38
306
220
357
448
256
64
356
322
241
244
175
343
300
371
1
204
132
85
20
377
156
8
365
297
60
170
159
234
302
198
61
144
449
408
162
7
364
197
202
460
252
238
230
254
472
167
259
181
69
284
217
169
80
56
228
323
54
478
303
180
462
179
218
425
237
443
182
424
496
367
111
215
321
358
133
138
102
492
209
480
311
211
470
216
46
148
231
136
430
160
416
123
31
213
117
193
131
347
466
445
261
113
385
104
304
183
369
145
118
402
363
379
353
392
324
386
451
316
128
483
447
190
187
58
366
498
171
163
317
36
378
219
360
333
413
222
433
154
486
494
342
437
243
283
12
44
2
477
290
59
101
294
40
368
280
66
271
431
79
287
446
389
292
194
152
10
147
262
99
359
334
19
403
459
253
481
43
90
124
125
307
293
440
482
98
157
362
439
285
299
16
225
74
155
488
327
427
326
203
272
224
114
191
461
110
406
246
95
71
47
380
250
119
268
260
166
388
407
471
94
383
35
329
432
442
258
411
372
189
5
14
226
265
55
214
158
458
346
264
267
68
92
223
350
130
208
490
436
441
400
298
336
401
242
126
33
78
269
341
421
84
465
93
139
239
106
438
475
429
426
335
115
390
72
463
320
200
314
212
18
376
479
485
420
487
249
278
387
312
116
275
142
340
493
348
168
395
279
207
394
22
270
151
500
176
29
77
153
57
456
393
75
277
484
91
48
301
149
15
122
291
405
428
412
13
164
229
349
6
143
134
331
315
500
322
291
428
338
181
140
129
397
71
103
268
232
462
11
499
272
351
227
172
335
261
169
373
342
131
225
183
365
245
323
455
477
236
283
61
399
92
122
248
347
412
368
374
408
84
25
475
111
215
81
275
398
110
316
127
162
432
2
49
231
257
484
382
237
75
223
258
213
175
88
407
242
263
97
422
358
396
211
360
29
187
352
30
191
130
389
105
28
167
102
76
319
287
204
393
123
37
472
429
292
456
447
353
340
201
274
434
233
417
65
164
209
101
5
453
27
178
402
3
288
290
117
435
332
497
491
78
304
370
388
468
346
244
464
448
265
298
40
363
99
77
148
259
251
252
289
118
222
276
85
238
186
62
185
270
151
53
220
207
307
465
128
239
282
390
74
350
200
182
301
312
469
96
134
264
467
10
385
43
403
331
17
443
278
411
286
95
296
173
20
328
100
32
35
50
446
260
56
150
297
383
305
341
141
406
476
262
367
371
392
189
219
313
361
224
256
378
404
64
486
121
26
320
59
325
253
73
394
108
69
454
488
327
336
9
414
343
326
138
457
115
89
67
500
339
349
184
344
401
415
68
293
452
418
330
249
485
420
300
247
46
380
267
444
269
190
155
214
157
195
142
54
487
273
482
90
196
106
158
79
144
93
109
425
433
48
410
170
413
423
159
246
94
303
168
60
104
438
483
366
421
136
440
478
234
45
230
58
359
206
241
51
498
490
36
294
113
466
280
177
355
133
143
387
18
321
154
19
386
277
489
34
132
15
198
226
52
91
439
356
199
135
431
391
345
13
217
314
240
310
70
55
437
496
317
442
461
473
114
161
381
1
86
281
372
229
419
369
235
42
308
471
395
41
39
315
197
208
171
33
221
163
24
285
494
174
179
205
23
302
147
216
16
427
470
333
266
375
38
436
463
424
311
188
400
66
210
166
284
57
481
377
8
119
120
337
362
228
156
180
126
203
309
364
80
324
149
98
4
124
218
194
12
193
125
176
255
87
22
139
329
354
152
145
449
409
430
492
376
6
82
450
493
299
47
271
480
495
334
318
357
116
474
250
451
279
212
445
146
153
426
107
192
295
112
44
459
31
479
458
14
254
165
379
63
306
21
460
160
348
441
202
137
416
7
72
83
405
384
243
500
379
71
286
168
298
70
125
117
280
66
245
124
350
110
397
33
161
275
362
373
129
172
446
132
209
457
472
225
291
73
42
490
320
147
83
221
43
253
318
422
414
92
328
284
187
349
346
127
40
365
419
154
361
442
10
109
165
441
380
205
226
348
130
336
2
300
498
217
57
449
283
8
99
116
97
364
423
193
58
22
182
337
479
102
256
483
85
425
315
342
455
98
325
418
403
358
287
386
431
146
107
453
271
497
359
1
230
28
149
242
197
178
31
3
480
90
381
270
235
405
392
436
269
428
494
166
243
19
81
224
9
465
401
142
351
246
293
229
407
157
158
36
153
389
53
45
169
464
353
120
338
41
424
123
411
281
222
382
377
447
285
156
268
137
288
460
262
326
69
131
135
63
319
363
171
438
201
477
35
103
335
439
104
189
185
321
21
471
305
404
128
426
12
251
140
408
309
459
316
345
240
486
26
429
65
329
385
121
354
212
67
452
200
17
468
384
331
239
141
94
272
295
400
274
396
88
29
492
7
191
112
89
55
307
393
267
27
208
118
467
478
114
173
260
61
476
496
179
308
500
416
301
84
167
152
216
51
139
372
276
383
219
138
311
207
186
292
170
18
164
406
427
257
371
91
5
213
68
485
420
194
378
148
487
82
176
360
445
174
341
482
334
413
255
231
106
340
430
355
469
458
282
133
475
313
203
160
48
60
390
15
136
417
299
184
188
388
183
258
39
322
228
177
374
6
451
241
444
473
32
162
437
155
344
387
236
151
108
375
493
192
302
247
180
175
470
304
265
343
105
23
454
339
96
463
95
264
489
252
310
196
294
366
421
450
432
481
254
259
100
266
347
433
144
435
30
11
448
332
232
330
290
462
24
119
145
474
263
238
244
93
324
223
198
484
74
402
312
46
52
237
440
14
199
206
190
279
214
76
261
327
34
111
434
250
77
233
134
499
126
443
16
368
72
352
38
398
314
54
215
249
115
461
333
78
296
297
64
367
75
376
248
4
234
80
202
101
87
37
488
62
357
50
210
143
410
369
317
122
195
56
412
47
273
150
356
395
456
59
181
370
227
323
25
491
113
218
277
391
394
163
159
211
289
13
44
20
278
415
220
86
409
79
466
303
204
399
49
306
495
500
255
375
23
257
430
385
482
279
26
89
335
195
470
180
245
116
1
240
383
207
10
333
434
297
422
317
196
491
405
398
101
215
450
323
225
27
266
336
361
95
224
208
298
446
223
188
343
57
118
288
270
128
244
429
327
413
416
310
334
363
134
37
374
52
426
494
464
86
400
36
437
376
148
54
262
217
47
59
162
161
202
243
268
328
466
249
354
102
453
425
187
84
285
390
478
122
332
67
58
17
45
371
69
345
12
291
316
433
469
428
94
213
3
18
459
349
152
166
103
366
191
254
393
264
124
114
237
300
113
34
250
199
204
305
110
165
93
16
49
467
325
473
340
348
265
111
105
109
77
369
341
312
210
60
238
163
198
50
476
142
468
35
229
496
106
322
495
440
38
409
97
136
396
8
218
411
75
497
91
205
329
427
227
239
14
261
72
384
347
296
219
449
406
11
115
201
326
315
423
364
15
458
43
394
418
253
488
404
293
456
241
442
63
444
61
39
353
30
443
236
190
206
158
492
275
64
474
373
85
193
25
382
19
44
377
258
324
121
192
247
331
391
133
435
415
5
402
379
424
9
246
313
176
475
147
308
129
182
448
143
441
185
486
454
462
99
184
73
350
197
395
472
231
81
157
451
21
481
417
387
68
365
272
104
125
399
498
421
465
51
98
170
220
107
360
167
159
410
356
131
397
2
274
13
139
337
80
273
232
490
302
452
483
342
259
480
209
33
499
338
281
436
471
203
277
126
4
76
463
260
438
357
83
222
271
119
314
6
228
56
214
233
407
278
420
461
403
181
358
303
367
200
431
344
318
88
155
156
289
378
445
320
177
251
24
304
71
78
284
108
55
370
173
479
493
53
276
127
295
267
287
311
140
194
123
372
487
301
252
62
477
263
355
90
79
489
154
256
286
339
137
66
20
164
412
282
96
221
292
484
401
70
65
432
388
151
146
46
42
150
306
29
132
138
309
168
368
381
32
230
144
172
120
457
414
174
447
178
439
169
48
135
82
352
183
112
100
41
485
351
179
408
40
346
160
362
7
386
319
242
130
389
186
269
235
28
380
22
248
149
74
211
92
321
117
280
141
31
212
392
419
145
500
226
290
171
455
359
283
460
299
234
175
307
189
87
216
330
294
153
500
477
224
219
482
273
347
220
334
246
40
119
256
428
138
489
227
233
85
16
159
478
216
154
102
439
87
165
480
46
461
125
407
134
350
418
93
176
315
231
36
172
275
333
343
322
170
116
81
374
427
391
207
260
109
327
59
244
23
241
108
456
14
376
472
92
449
394
118
112
73
156
142
402
274
53
463
367
268
378
56
356
278
22
129
475
17
89
3
213
392
237
113
410
88
446
380
247
78
179
203
169
447
70
25
245
368
401
133
365
363
430
199
30
421
389
445
2
340
305
360
259
146
405
115
433
151
52
280
499
294
1
96
212
196
249
121
7
263
191
454
252
311
317
285
128
331
483
332
206
72
183
284
61
354
369
265
424
276
290
313
349
48
152
304
234
132
415
95
62
328
307
248
58
111
451
162
69
173
161
49
24
292
261
397
457
135
494
295
254
104
6
10
186
103
443
442
319
29
452
497
238
100
31
453
387
423
403
187
43
97
458
344
184
383
158
385
342
9
498
435
357
388
193
171
51
325
253
460
26
348
32
137
487
57
321
309
289
77
336
229
396
448
266
412
181
209
352
436
157
329
459
434
375
431
153
228
316
393
416
269
373
42
240
335
300
239
147
180
182
141
488
414
28
192
420
82
298
466
185
201
232
323
299
39
490
110
50
314
18
440
37
395
198
202
122
21
370
422
188
255
75
281
225
491
99
399
465
117
364
287
310
190
94
345
145
5
63
468
351
205
144
126
218
358
432
413
195
282
279
80
381
74
130
429
178
386
208
143
467
166
66
174
107
444
496
8
400
210
366
346
150
11
324
160
470
243
408
359
301
486
450
288
175
177
140
462
250
167
267
79
235
361
106
230
139
384
390
264
371
312
194
54
297
90
105
379
27
13
236
200
293
257
471
406
217
47
277
341
441
20
76
60
476
41
101
493
45
168
91
377
136
404
338
98
417
302
215
362
211
272
84
44
155
67
262
251
19
270
296
419
411
114
495
226
455
339
469
120
12
437
221
473
222
320
355
64
492
148
83
283
124
330
65
337
318
484
353
214
372
71
149
426
33
291
197
382
15
306
35
258
464
164
479
123
86
485
409
481
308
271
425
131
398
38
223
55
438
326
34
474
189
163
286
4
500
242
204
68
127
303
500
185
96
367
162
402
442
304
83
66
307
320
110
376
104
265
63
325
301
165
71
498
203
295
379
139
219
28
337
311
215
365
351
399
108
493
239
299
474
105
438
102
273
418
306
313
157
425
15
223
82
397
133
79
145
339
466
148
395
131
330
76
29
319
446
196
393
39
328
158
444
416
16
419
166
190
348
32
288
173
24
103
120
161
310
114
182
88
461
51
430
205
227
358
452
221
262
293
87
441
208
462
380
413
45
382
394
475
43
218
292
30
91
59
305
245
95
259
238
300
163
255
56
323
64
150
424
78
271
101
332
242
404
41
159
153
431
97
458
302
14
334
257
107
471
274
450
353
199
197
167
33
429
178
85
84
225
333
270
355
61
433
453
117
12
447
57
391
289
350
204
488
427
111
177
374
437
53
119
209
387
390
455
492
125
231
212
142
483
67
473
122
191
94
279
327
422
183
6
385
224
497
52
346
179
420
272
68
174
106
92
369
143
75
360
213
217
74
285
20
55
246
465
370
247
275
414
181
195
251
3
115
230
124
296
388
481
291
252
377
298
172
243
409
62
2
362
42
211
318
99
428
464
487
266
496
312
169
164
463
375
60
244
13
411
34
248
65
457
98
233
415
316
268
357
476
373
282
290
372
23
44
168
343
155
378
37
401
426
214
149
73
278
198
27
89
69
349
324
18
321
403
154
47
459
352
141
5
439
8
50
417
467
226
406
392
495
436
381
460
269
478
354
135
123
335
364
237
454
93
281
7
228
260
116
38
443
449
118
72
486
144
220
345
317
187
389
366
26
356
276
160
423
11
435
322
229
280
408
138
140
407
371
482
184
250
10
489
484
86
309
126
470
192
329
434
490
384
338
445
193
256
19
468
263
440
207
451
398
189
469
494
54
477
210
499
294
500
127
479
344
21
412
58
147
249
283
347
171
36
232
326
176
284
1
156
129
448
112
456
386
342
206
4
410
81
341
175
485
136
201
17
128
336
287
480
267
234
258
363
70
170
314
130
254
109
152
405
25
151
359
236
472
46
113
361
261
216
134
315
303
200
186
235
48
146
132
297
491
40
35
264
80
31
222
331
90
188
241
180
137
286
77
49
400
277
340
22
308
253
202
421
9
368
100
240
194
396
383
432
121
500
293
217
462
87
28
474
104
268
449
167
154
175
186
437
473
330
198
225
70
187
259
56
442
51
61
372
360
20
255
423
9
245
500
311
161
318
147
169
180
205
85
16
314
67
107
246
295
279
216
464
58
22
493
146
211
77
260
339
108
99
50
344
301
361
499
193
96
65
390
287
254
300
93
185
470
395
111
109
76
386
139
117
11
391
82
453
430
209
353
48
168
29
393
125
21
419
446
136
271
457
140
411
127
489
274
97
238
435
195
137
375
334
250
94
406
456
71
164
472
53
362
8
326
10
316
233
229
352
80
176
227
303
298
234
37
17
285
174
323
63
129
359
434
149
374
215
333
397
184
485
308
72
384
482
158
290
257
410
479
463
52
441
320
115
306
496
235
371
412
98
351
151
243
403
329
325
398
78
156
190
162
33
88
402
62
47
144
228
92
272
392
387
134
177
429
45
170
443
226
427
484
327
150
19
282
54
163
383
84
121
305
262
103
363
478
341
471
495
165
264
436
296
18
119
90
476
114
289
32
440
248
152
253
181
347
488
46
324
418
337
273
461
280
34
25
110
26
183
291
239
382
455
332
283
244
126
365
299
39
95
460
451
340
27
313
57
105
310
389
112
297
101
251
315
261
41
414
241
438
267
424
132
452
492
491
483
321
396
364
368
439
214
122
369
494
36
222
7
68
100
421
192
249
292
475
281
409
377
342
223
312
66
40
6
231
445
83
454
317
404
194
458
331
469
247
224
269
120
60
59
30
124
49
155
35
252
420
294
24
14
355
447
380
487
42
304
236
338
221
106
73
178
477
75
172
356
357
266
408
200
468
459
481
173
219
206
157
277
367
64
405
348
345
2
444
350
43
349
358
131
263
202
135
44
415
230
89
138
86
400
467
343
307
1
91
346
69
256
413
199
142
113
373
448
240
133
207
79
335
13
12
116
191
417
220
354
431
210
81
197
31
237
143
401
497
407
204
288
428
286
203
5
376
270
171
388
208
179
15
218
425
213
450
319
118
302
394
370
486
212
433
160
189
55
466
336
385
366
3
379
141
38
378
322
74
278
465
426
148
102
490
123
432
480
399
309
145
381
276
128
232
422
196
201
4
416
188
159
498
242
265
328
153
182
166
275
258
130
23
284
500
235
61
3
312
168
150
102
79
430
105
240
164
282
260
434
435
93
411
275
336
194
161
174
451
132
261
117
197
290
472
397
405
162
262
454
484
182
120
63
357
217
349
163
49
111
383
278
95
321
306
480
108
128
385
310
358
474
353
24
116
181
270
243
62
94
253
423
239
371
279
178
494
422
391
448
173
15
305
463
207
139
152
355
444
56
360
198
7
106
89
180
22
406
446
170
289
283
477
250
254
107
245
236
470
341
251
346
298
344
272
101
359
200
393
167
222
244
392
499
288
148
72
242
192
216
227
248
471
443
295
281
155
104
209
343
307
47
100
363
26
345
177
440
271
210
218
388
356
428
158
495
228
266
21
143
490
319
201
176
127
36
395
99
223
375
485
134
52
74
317
145
403
144
309
154
42
85
335
29
189
304
314
492
224
237
316
14
432
330
425
13
41
325
482
203
11
231
473
410
113
34
268
338
299
17
97
407
354
483
370
285
92
459
256
300
204
296
398
351
249
286
413
23
426
65
450
311
84
57
462
263
475
273
367
142
140
331
327
481
35
427
186
123
169
83
364
137
179
292
449
129
323
151
82
368
4
315
452
246
415
238
293
416
77
496
190
112
225
429
498
73
187
284
414
118
119
334
442
252
175
98
64
332
259
399
71
212
436
136
303
421
172
54
404
381
419
166
362
324
387
90
441
408
211
274
402
457
378
1
91
333
48
234
115
350
165
87
10
160
27
424
322
401
141
456
372
8
493
215
488
265
326
479
229
195
221
19
431
153
110
214
352
30
433
16
308
157
80
68
394
50
476
337
384
147
5
130
373
33
191
196
60
76
437
96
233
460
465
486
318
18
58
193
230
409
156
70
43
114
247
386
12
267
6
453
66
232
489
133
258
78
478
38
389
219
37
320
208
390
500
40
377
491
126
348
455
53
67
342
468
347
59
88
32
340
469
464
124
497
28
458
220
44
438
185
45
396
226
205
461
125
55
439
39
31
20
365
467
255
9
69
379
241
257
420
81
366
302
109
51
466
213
301
188
291
202
75
297
418
199
287
361
328
400
374
369
206
277
171
382
46
339
138
146
86
276
376
131
313
121
380
264
103
417
183
149
25
2
445
487
159
447
184
412
122
280
329
269
294
135
500
252
453
117
159
127
191
417
115
132
193
377
200
251
245
442
202
345
319
148
454
330
230
224
478
414
282
469
96
355
496
364
171
284
463
124
392
483
283
409
7
111
9
298
352
461
45
401
262
382
206
476
105
123
379
387
324
56
331
72
50
116
17
458
448
30
40
231
94
153
189
69
299
113
277
136
489
65
204
425
304
112
47
28
154
497
70
339
82
217
431
368
426
479
437
370
122
199
386
456
369
5
130
170
73
58
471
209
104
440
129
23
186
106
395
52
292
1
237
457
473
227
465
225
255
275
119
176
475
100
384
499
234
145
133
334
172
2
51
327
399
238
211
59
177
295
182
26
347
366
180
55
434
190
142
332
358
436
21
305
472
357
53
87
108
418
389
490
400
192
236
407
494
8
314
276
92
325
121
466
43
120
165
406
360
394
374
362
205
441
350
110
60
408
421
340
241
235
378
160
220
91
315
500
491
42
6
162
265
125
242
143
98
492
219
248
484
451
101
422
146
342
161
269
260
41
361
64
36
19
22
318
365
271
80
167
412
164
134
257
486
63
438
29
309
411
280
445
34
311
147
402
131
390
13
15
141
156
308
109
349
287
285
416
258
243
137
103
430
187
184
102
337
264
221
81
388
455
83
247
67
228
229
396
346
329
198
447
348
353
166
207
240
39
488
61
107
460
470
140
194
37
435
78
296
183
90
286
493
450
312
433
263
185
233
429
459
232
214
144
77
462
11
381
423
254
333
44
410
151
487
481
223
356
135
150
359
313
495
179
444
84
338
474
250
197
393
297
74
443
317
351
477
32
336
270
446
16
293
419
307
404
97
118
168
320
48
398
266
239
344
253
25
218
391
169
174
126
49
54
268
99
216
485
246
439
375
76
415
403
181
354
452
35
316
256
79
212
372
12
306
294
432
4
373
18
261
303
385
66
428
152
290
86
321
155
203
281
249
68
85
157
480
3
482
498
272
328
10
300
196
114
33
175
46
363
302
89
31
343
71
273
57
310
208
244
149
210
267
288
178
301
24
376
38
138
93
427
201
323
20
222
88
278
158
413
397
173
128
341
213
259
380
383
274
371
14
449
139
322
326
75
163
405
468
289
215
62
279
335
188
195
95
420
424
27
467
367
291
226
464
500
351
168
450
225
256
297
170
331
374
417
97
358
188
86
379
279
117
138
224
314
413
437
185
32
302
101
484
376
459
219
438
210
143
152
427
93
244
21
380
13
329
104
81
429
167
262
382
49
175
289
257
338
430
154
303
300
391
5
465
274
24
229
196
206
199
442
275
345
180
468
253
467
367
443
228
132
156
445
316
203
22
215
184
160
102
301
327
439
428
77
94
423
148
100
56
108
245
120
280
284
281
476
491
134
217
410
157
71
312
354
490
216
26
218
40
278
28
320
433
164
447
211
408
328
326
485
236
474
499
347
220
249
383
106
285
231
230
130
123
90
364
397
269
169
124
449
136
268
282
63
189
23
265
306
325
283
33
461
119
464
34
441
395
355
371
4
110
436
118
74
129
9
293
353
223
92
247
6
151
131
179
114
389
418
403
362
290
127
193
111
183
233
435
48
350
318
84
432
400
31
270
96
155
305
222
311
366
235
332
263
396
471
456
373
107
187
319
242
414
444
277
186
405
27
298
482
103
426
375
46
141
15
335
226
324
207
500
488
378
352
177
425
393
388
264
87
150
85
407
460
47
116
276
416
153
126
79
486
310
39
178
18
162
200
455
73
227
381
273
232
481
221
159
209
60
1
313
61
317
254
457
386
252
349
99
342
369
344
387
11
237
17
415
323
165
205
243
50
398
299
372
95
295
214
330
472
202
65
20
172
139
115
37
339
29
76
69
38
360
287
241
309
404
112
454
67
70
36
250
166
368
80
83
197
44
68
458
66
52
478
337
267
412
497
2
480
494
105
78
181
182
411
402
43
3
149
146
255
125
292
406
487
473
394
409
307
333
446
440
133
195
348
54
434
234
452
19
57
53
8
251
475
240
421
239
261
248
137
294
470
201
359
260
385
365
291
213
51
109
42
420
144
55
45
466
343
174
64
336
469
135
308
173
259
190
171
163
390
266
98
392
238
496
377
399
492
448
340
145
341
370
272
451
479
12
208
191
422
35
346
88
304
212
59
147
140
419
431
161
82
91
158
16
128
62
58
477
453
7
489
356
198
258
14
315
334
194
463
72
483
288
41
401
462
363
25
113
384
357
142
296
498
322
424
30
75
493
271
286
204
246
89
122
121
361
321
176
495
10
192
500
416
334
253
387
13
466
124
424
100
482
125
182
312
291
229
236
290
54
92
441
58
77
367
388
69
284
7
130
346
288
126
99
294
444
250
283
59
243
110
47
168
35
62
287
496
328
319
292
134
135
41
499
429
18
437
131
202
185
409
257
488
137
303
262
422
12
296
442
98
76
245
79
101
347
109
280
407
68
427
295
103
383
160
52
467
115
25
270
330
244
97
260
450
140
215
180
423
172
306
120
150
279
461
71
28
339
310
169
269
61
478
282
234
415
476
149
88
304
333
225
342
15
402
396
500
195
5
163
391
392
75
64
16
289
341
56
353
49
377
446
181
57
200
122
489
469
365
212
153
412
6
351
484
33
298
462
8
254
471
199
300
317
128
252
226
348
36
241
129
364
265
338
87
192
336
209
65
222
142
472
144
410
285
368
277
66
106
435
213
108
494
379
51
146
197
80
361
376
457
281
311
210
323
152
86
477
3
397
37
194
329
321
381
493
399
394
309
29
440
50
263
78
335
434
491
401
406
174
305
205
249
224
48
318
320
325
302
26
352
242
214
238
371
445
72
102
419
96
111
74
382
248
458
32
206
239
183
355
276
116
366
186
275
22
278
452
155
73
166
344
385
251
91
340
490
430
17
286
20
184
389
359
474
203
451
232
408
454
356
221
141
70
148
327
38
217
139
272
497
187
114
104
297
363
433
247
271
198
233
293
9
83
147
94
370
2
301
258
473
189
177
426
322
403
449
175
485
495
179
460
63
459
14
326
31
118
145
314
196
246
164
354
216
299
60
487
373
190
157
404
350
492
227
308
207
273
274
117
398
378
374
85
498
384
34
268
372
259
464
479
411
456
470
386
431
240
418
43
481
89
81
332
151
235
453
369
154
176
11
261
266
156
264
45
223
119
313
90
133
23
24
237
136
380
178
436
53
193
165
39
211
162
1
343
230
204
19
432
463
362
349
208
191
447
420
475
443
84
405
4
46
393
256
40
468
483
10
30
395
138
112
448
27
337
331
44
316
113
413
159
105
417
455
132
67
324
219
171
231
375
188
228
21
400
421
158
201
357
107
93
358
255
170
220
315
55
465
414
218
307
123
82
425
173
127
480
390
161
360
121
428
167
345
486
42
439
267
95
143
438
500
89
161
14
153
249
45
389
8
358
203
339
186
167
316
25
19
79
274
346
314
148
464
265
46
40
11
53
194
159
120
110
418
454
26
480
385
100
333
406
395
470
377
39
494
325
20
130
232
300
437
22
173
356
15
364
244
342
440
286
213
460
267
467
195
238
459
278
442
347
41
365
211
145
115
60
220
172
126
109
138
373
399
252
269
242
283
479
181
264
87
251
111
54
349
268
236
27
318
332
132
426
312
359
44
469
61
149
214
124
12
91
179
401
463
106
56
202
29
497
128
103
65
309
122
253
297
257
241
301
271
287
392
169
96
206
229
427
361
55
330
3
9
88
291
164
168
455
76
298
10
178
482
50
345
42
1
452
146
457
248
338
235
449
282
219
379
315
221
336
411
184
43
372
402
85
326
101
23
447
133
321
341
370
488
171
189
410
144
308
453
430
137
113
234
228
483
340
121
158
416
311
382
62
230
405
209
190
417
78
142
217
177
478
386
276
485
52
302
90
355
468
259
227
450
473
431
198
428
381
57
28
350
366
329
216
33
448
348
258
224
2
58
407
254
474
243
49
18
354
13
16
193
247
353
357
160
320
277
393
131
303
429
226
413
199
4
162
21
260
266
374
499
388
69
150
140
129
391
24
304
125
273
208
67
250
360
225
295
37
272
92
296
187
371
378
328
71
306
205
212
380
491
324
75
285
34
444
188
70
363
240
383
116
293
136
66
331
337
204
38
476
72
51
439
471
433
77
86
280
398
32
263
82
362
165
155
375
305
490
135
119
451
93
352
484
461
424
421
5
262
486
434
307
166
48
368
99
174
403
108
493
239
319
496
415
279
456
404
7
489
180
432
492
335
420
210
475
107
323
112
498
94
182
281
191
423
436
367
313
310
196
477
105
292
31
35
152
245
481
197
246
422
299
170
445
256
123
59
275
147
396
400
143
261
74
443
201
288
414
472
118
487
218
441
175
47
384
462
270
81
408
255
351
435
327
409
157
465
176
127
322
80
30
6
223
200
102
192
151
334
134
154
73
185
222
114
183
419
64
215
458
446
425
294
83
141
369
104
495
207
343
394
139
84
500
95
289
156
466
17
376
412
63
387
97
438
397
98
390
233
163
68
117
290
237
284
36
231
344
317
500
114
237
292
419
66
294
339
414
420
42
407
433
17
470
21
435
214
25
373
406
19
451
458
460
203
55
41
234
268
456
56
354
269
245
327
271
340
97
356
138
132
483
213
445
441
360
457
409
11
311
366
486
223
275
279
28
172
314
341
385
222
67
107
219
9
479
443
187
416
150
14
359
273
464
221
74
33
384
253
39
175
485
334
280
338
315
362
126
89
185
231
198
110
80
170
154
160
218
65
423
257
47
348
143
429
412
217
229
432
446
98
144
337
466
57
192
40
101
264
211
413
462
81
262
204
135
96
301
20
52
149
322
324
421
450
312
140
266
358
242
201
323
436
156
159
438
236
388
193
498
2
343
226
434
376
18
249
27
247
125
274
122
313
475
24
430
128
367
465
399
184
364
355
383
491
276
353
177
123
243
49
94
350
148
400
127
321
417
439
69
424
8
484
303
379
444
459
45
36
3
63
372
442
225
488
129
497
119
298
215
404
202
146
308
431
117
235
134
331
390
344
329
10
461
62
285
35
403
174
50
34
87
260
85
282
108
72
46
382
248
410
368
473
240
180
188
378
5
43
77
290
333
173
396
335
402
216
452
252
13
210
454
190
496
60
76
200
250
332
238
288
478
374
139
286
495
208
6
281
449
318
155
145
387
68
482
256
278
181
405
115
455
92
472
325
151
480
306
300
88
102
297
224
304
453
347
121
61
393
386
319
476
82
30
254
91
54
317
371
176
7
23
270
305
157
345
426
120
99
136
447
320
84
468
95
267
79
474
425
494
51
44
309
289
477
415
167
168
64
133
397
499
346
191
53
220
493
209
59
448
118
32
471
375
241
12
326
302
169
153
299
296
261
16
195
330
239
163
389
113
183
230
336
481
370
29
161
116
287
377
293
196
93
142
408
328
212
244
363
490
178
469
164
37
103
357
26
186
291
48
112
22
307
487
83
255
15
78
141
352
398
111
206
392
100
391
422
73
38
492
394
463
197
205
106
130
147
440
380
171
124
263
349
284
199
361
489
165
272
109
182
189
105
137
411
277
194
227
228
166
207
246
437
233
259
310
131
251
295
428
104
365
381
283
351
86
75
369
158
152
1
4
467
427
90
316
71
70
342
58
401
265
418
179
395
500
162
232
258
31
500
54
231
360
369
201
190
88
362
202
125
151
472
265
186
456
293
287
392
333
499
377
304
262
58
352
49
266
45
241
28
314
457
167
164
307
75
18
280
204
102
207
80
379
422
129
359
310
417
447
327
440
77
356
83
302
274
14
429
264
395
486
181
232
273
162
394
203
84
434
34
358
438
461
159
168
173
65
24
156
323
340
460
476
142
253
230
267
380
303
19
454
354
154
222
47
453
404
225
258
439
122
9
306
158
268
40
466
206
108
346
160
1
467
89
180
321
445
212
242
406
279
425
121
458
7
200
448
490
146
403
46
331
318
383
48
2
192
246
261
127
44
405
498
38
86
27
23
367
177
123
337
70
442
441
410
29
341
251
214
91
284
424
13
349
351
85
81
63
485
205
391
20
42
296
56
78
281
64
300
52
415
473
31
10
421
41
294
470
223
412
400
423
444
16
491
115
179
133
495
283
357
137
119
450
234
97
292
128
53
464
99
228
249
114
295
59
254
431
328
60
290
26
184
317
145
407
130
355
479
244
33
335
218
482
69
126
493
260
141
269
15
388
236
271
79
68
419
147
172
397
396
353
139
478
155
134
259
195
178
350
385
98
238
463
71
373
343
465
171
199
372
459
50
30
298
252
163
226
198
299
109
275
183
92
344
320
197
227
278
446
488
87
188
375
319
182
370
420
213
471
376
245
345
95
368
243
301
483
124
398
481
136
489
208
382
111
3
221
96
309
416
94
153
217
494
366
61
166
255
175
93
496
12
455
247
277
462
185
288
492
256
428
5
106
500
144
220
402
449
193
325
112
378
411
361
334
276
104
324
371
165
216
468
408
347
329
55
116
196
435
35
74
393
390
229
82
433
161
174
110
11
336
443
248
36
437
250
17
191
170
413
330
426
233
76
143
363
62
37
8
66
305
436
322
235
427
297
211
386
364
332
313
389
338
263
72
131
118
312
315
22
282
365
148
286
240
272
480
316
150
289
399
57
384
51
326
270
308
414
90
474
6
176
409
4
21
432
194
239
257
348
152
477
25
73
374
113
452
224
237
497
32
101
107
430
135
209
117
451
219
469
210
401
100
381
132
387
475
342
215
157
484
291
169
149
140
43
67
187
138
418
339
487
39
189
311
285
120
105
103
500
156
441
134
402
276
69
428
20
312
482
222
111
332
95
9
126
33
313
391
145
109
45
466
368
265
76
90
89
142
471
17
431
256
363
141
209
108
30
239
97
204
127
110
421
232
260
400
172
37
106
481
318
473
500
121
339
180
486
42
193
2
443
392
330
353
490
445
53
344
254
266
59
364
98
293
220
274
206
492
155
433
132
196
439
251
35
116
177
475
125
385
341
493
304
122
474
343
61
463
347
367
395
233
16
249
350
170
96
185
495
408
83
454
104
86
480
253
376
348
447
27
176
55
386
331
29
271
146
118
169
167
440
192
414
39
316
188
184
203
437
345
52
278
306
384
261
383
427
66
149
99
25
44
50
498
47
310
375
138
207
357
302
70
337
215
6
21
210
144
387
79
247
234
208
133
496
422
438
485
235
217
191
322
74
258
287
397
292
58
221
340
137
298
241
415
358
484
371
40
78
425
404
442
150
28
157
478
75
93
360
117
100
349
213
325
158
291
374
226
488
85
163
12
198
394
307
279
373
346
1
262
182
296
80
446
398
361
151
168
270
461
119
112
297
15
269
113
403
46
219
311
335
426
432
128
444
227
294
120
94
429
494
38
51
173
152
319
166
321
323
451
225
489
199
242
405
289
317
8
334
229
315
11
36
389
338
165
309
240
139
469
159
268
178
413
333
476
186
300
327
450
267
434
273
174
409
459
31
420
43
160
77
272
430
23
60
283
211
468
244
64
161
82
136
41
65
456
418
455
497
436
393
228
147
299
10
264
477
171
129
286
195
372
354
359
275
365
303
154
124
71
470
320
449
153
288
259
5
396
72
243
479
54
453
336
237
205
467
356
148
223
417
102
282
491
301
140
351
190
107
67
87
224
88
81
143
362
214
355
56
401
499
370
7
410
379
114
197
277
105
314
62
435
388
285
201
187
130
101
245
329
246
462
257
200
380
295
284
305
179
419
465
369
377
238
115
84
487
183
458
19
457
63
3
412
381
34
123
181
32
460
424
131
248
378
416
218
175
452
483
26
423
68
22
194
382
399
14
57
24
328
135
411
164
212
216
308
92
162
448
366
236
390
342
250
18
202
326
281
13
48
290
352
255
49
91
472
406
324
231
230
464
4
407
189
263
103
280
73
252
500
176
68
348
205
404
168
317
159
15
33
67
272
75
363
460
232
161
300
115
469
59
349
186
419
477
199
276
336
449
229
359
253
420
325
94
334
265
287
377
63
361
125
343
257
330
31
322
216
314
450
422
315
259
413
345
2
72
112
327
285
412
389
395
353
135
225
435
372
278
293
364
38
303
318
74
376
262
429
289
248
383
273
347
70
151
82
309
268
69
234
118
406
466
85
439
132
258
470
255
16
246
371
47
157
222
174
178
430
271
226
65
479
400
301
426
45
492
18
250
97
488
307
131
499
141
436
329
1
286
333
84
438
373
90
320
11
445
194
28
10
95
346
148
247
418
415
458
291
32
368
401
180
299
465
17
215
321
138
370
218
114
425
281
77
79
219
269
211
493
93
326
110
485
464
37
275
304
19
73
324
14
105
140
386
457
437
483
405
146
35
86
40
239
101
150
50
282
43
468
292
494
298
3
382
173
121
167
177
453
388
476
331
497
165
149
120
76
432
117
402
480
83
24
266
385
277
66
160
421
9
123
478
319
399
122
41
357
242
233
39
208
481
119
227
52
100
256
241
367
191
172
80
223
103
475
7
184
158
441
378
221
89
109
25
354
487
147
195
12
396
316
339
170
152
394
88
71
337
213
181
344
283
235
252
267
220
231
313
29
500
471
198
244
444
224
13
99
46
58
472
201
183
133
452
358
8
263
240
290
49
145
323
155
454
484
340
338
254
462
188
153
107
461
207
87
365
78
407
136
496
414
495
245
91
108
443
128
81
274
260
387
26
127
187
6
489
162
182
210
486
284
384
5
202
473
106
203
374
350
197
92
261
352
139
451
381
156
42
311
390
280
447
96
124
212
189
142
22
61
204
403
310
297
21
332
236
369
48
411
116
130
355
351
463
238
27
459
62
163
288
113
154
249
209
55
230
53
192
440
137
179
410
206
264
302
169
434
397
175
270
427
34
498
424
392
379
306
455
294
171
23
356
64
166
60
482
342
54
448
380
196
102
456
417
360
491
335
279
144
36
428
490
98
4
190
193
423
243
409
305
312
251
366
143
341
56
129
474
214
126
362
446
408
308
375
467
228
295
237
200
164
393
104
217
111
296
185
431
328
44
134
30
20
416
391
442
51
398
433
57
500
169
343
290
364
46
123
268
187
270
279
251
294
374
220
145
192
301
333
273
312
27
249
440
37
297
347
470
286
450
224
398
439
486
75
475
86
55
309
395
202
342
12
308
401
3
9
233
258
7
350
377
472
421
198
11
366
461
352
287
495
480
60
178
293
108
361
136
229
452
61
436
353
100
131
15
163
242
85
158
196
215
17
102
329
111
63
44
443
174
437
179
448
357
107
56
1
494
184
332
214
442
307
142
447
369
135
92
162
392
26
407
171
81
464
199
479
232
326
124
441
227
467
8
193
415
328
499
228
371
182
274
394
275
33
389
340
23
84
30
87
115
66
255
113
349
310
223
164
373
219
250
455
410
127
31
147
427
189
498
16
67
90
335
82
483
197
490
41
500
489
383
384
49
138
120
185
341
269
43
4
295
116
400
91
337
454
469
317
466
418
276
247
414
53
431
112
94
380
362
159
425
393
338
231
109
456
429
180
243
488
149
194
54
222
381
80
278
493
408
65
50
45
327
370
445
20
484
213
99
423
58
74
296
205
2
206
272
344
378
354
79
453
271
73
405
334
207
246
263
477
118
93
144
473
170
137
42
264
402
299
387
404
191
424
267
28
190
351
234
478
302
291
212
105
141
285
360
254
277
95
146
280
121
244
432
175
358
70
422
47
485
51
245
103
77
348
298
397
248
487
89
139
148
157
311
29
21
457
281
496
434
433
117
303
262
390
208
152
261
375
76
359
129
78
325
126
252
36
217
283
134
465
382
235
211
5
435
128
420
446
221
64
10
203
83
368
167
396
320
330
256
101
399
379
48
403
304
68
363
166
306
183
160
331
430
411
209
315
413
22
153
253
412
345
474
161
438
468
305
266
292
98
143
110
106
462
72
451
386
201
96
155
417
471
52
239
97
259
313
225
218
449
13
188
265
172
282
18
151
365
200
204
230
318
226
165
319
59
195
38
168
356
130
210
24
288
463
323
19
260
32
62
237
57
372
416
284
88
25
497
314
491
492
426
321
419
39
460
186
346
476
355
173
69
339
122
6
14
240
119
322
324
156
150
40
104
409
140
71
367
481
376
238
385
132
241
459
482
133
444
154
388
458
114
35
428
289
236
406
300
181
336
257
391
316
177
176
34
216
125
500
369
357
316
446
147
378
103
423
215
401
98
353
44
441
473
433
9
183
320
463
4
187
399
224
243
154
83
457
12
161
17
108
175
261
445
438
162
73
459
461
225
193
323
121
437
202
274
490
26
313
123
144
133
70
317
110
254
76
248
309
28
146
237
470
216
432
142
335
266
349
404
411
102
494
100
37
80
492
379
62
268
301
85
341
283
14
42
478
171
451
247
395
207
419
189
258
271
279
233
361
129
290
440
34
429
484
430
262
439
403
444
435
82
264
196
303
35
47
86
163
170
315
263
172
307
344
259
29
442
166
211
370
410
381
79
199
479
33
223
486
156
453
117
482
139
51
119
244
409
219
41
424
449
255
402
68
356
59
375
1
150
112
400
104
273
145
497
372
99
358
354
297
367
289
471
253
74
208
191
195
185
447
238
101
13
152
45
158
293
276
214
491
227
308
265
393
498
256
184
483
136
234
495
296
8
27
257
319
179
281
365
489
267
480
240
272
382
138
164
373
91
462
383
280
500
39
448
460
324
416
201
30
71
239
198
87
106
302
118
93
310
298
128
24
186
452
95
288
322
456
455
55
488
3
212
132
345
245
251
300
22
467
49
92
124
148
38
94
32
188
153
387
347
384
10
141
89
346
235
21
84
36
167
474
205
78
2
285
389
427
125
305
107
130
371
25
458
5
314
143
23
19
327
422
40
230
481
168
336
270
213
326
392
182
426
231
468
465
122
312
450
454
332
206
368
331
292
137
431
278
282
229
218
228
291
408
116
134
43
120
226
277
160
413
222
362
241
464
242
397
485
140
88
333
64
46
377
412
334
394
339
54
388
56
366
190
232
407
329
475
306
169
418
246
165
209
351
287
66
217
252
220
469
20
343
359
178
48
81
405
97
417
269
203
487
65
286
52
390
77
386
294
115
131
420
159
127
96
113
493
330
325
151
380
90
135
197
415
200
236
340
105
173
348
61
436
338
18
284
75
477
250
396
6
299
15
194
111
57
374
126
328
414
275
376
499
177
53
204
155
428
260
472
109
321
181
311
466
60
496
50
7
425
192
69
67
72
149
406
157
360
443
180
31
16
295
363
350
210
364
355
249
434
318
114
342
391
352
385
63
174
221
58
304
176
421
398
337
11
476
500
263
425
3
283
354
310
272
138
339
7
93
166
288
498
54
462
219
444
246
245
68
221
302
467
186
64
38
294
46
437
187
59
406
206
489
402
441
435
156
446
266
439
304
433
101
153
23
65
324
274
270
111
144
449
314
92
40
319
282
390
473
452
75
192
175
453
431
500
265
382
140
482
478
125
236
426
33
361
218
400
470
417
411
244
188
194
298
49
57
114
6
190
440
103
303
227
284
384
456
48
486
460
205
334
10
305
281
169
254
295
193
365
260
123
198
301
94
443
472
341
326
285
230
421
312
273
427
434
321
250
117
127
392
396
51
278
342
410
213
225
330
357
364
423
207
257
368
367
332
485
419
241
210
237
102
18
457
107
447
448
251
491
83
404
397
124
345
126
289
2
8
249
492
197
398
165
297
233
253
292
407
32
329
67
353
429
151
136
445
95
212
239
163
474
135
223
105
97
343
42
229
393
320
405
174
181
214
180
403
359
211
202
493
338
335
1
78
12
373
430
55
149
118
35
381
96
379
247
80
243
377
337
88
374
82
86
372
200
131
469
256
76
70
141
438
391
5
45
370
191
232
52
269
380
184
79
39
325
481
355
134
487
108
371
252
432
36
25
222
484
238
483
56
61
196
106
87
416
209
162
199
480
349
328
179
150
351
104
346
15
280
389
173
258
20
495
262
300
50
72
436
63
316
195
296
331
267
290
71
89
154
98
494
69
178
90
133
408
139
414
73
240
360
275
309
293
19
235
116
287
60
378
189
352
322
160
279
66
291
248
30
385
464
415
268
121
255
333
170
155
128
463
323
99
264
369
387
299
476
9
277
132
468
120
347
306
420
327
344
204
313
53
454
37
477
110
217
376
383
451
130
422
466
142
177
228
363
122
16
242
44
471
185
215
458
276
216
362
29
11
22
112
315
479
119
409
24
465
401
340
459
14
259
47
152
85
113
17
109
26
412
418
4
424
74
455
41
358
159
77
442
450
308
146
413
208
164
13
490
394
84
91
147
499
28
62
176
137
21
307
168
271
496
183
475
81
148
171
43
158
203
172
145
395
27
201
143
388
386
58
488
366
182
348
356
157
461
129
317
115
100
31
286
350
311
167
261
399
231
375
336
34
161
318
234
224
497
220
428
226
500
58
351
260
64
42
169
430
40
67
146
426
158
70
270
274
348
412
85
195
202
94
474
303
122
147
313
194
453
46
349
229
180
278
465
247
379
301
312
246
445
83
48
496
355
201
461
292
117
276
38
471
288
68
35
443
316
120
217
258
333
399
88
230
368
467
281
437
338
419
334
140
298
66
13
78
405
224
307
220
152
33
344
432
275
401
178
123
187
236
79
176
15
1
383
280
378
472
346
80
400
11
62
332
163
421
114
395
407
179
223
457
454
314
315
108
75
385
266
268
482
392
59
150
422
446
198
354
162
363
111
406
415
480
360
287
327
153
491
23
168
51
353
438
17
328
370
339
188
255
60
133
174
500
340
27
233
244
492
442
265
448
181
76
104
337
222
262
145
473
479
273
372
189
209
323
241
282
243
101
271
300
290
184
483
206
56
427
125
155
447
100
357
358
291
213
326
95
495
192
237
330
156
5
253
387
364
175
450
256
404
144
455
305
197
373
440
477
411
96
304
172
63
210
131
249
285
227
475
410
240
219
207
9
232
441
409
381
139
308
2
254
257
61
185
435
149
433
374
89
481
218
403
388
6
69
215
343
132
284
425
279
384
321
171
81
7
160
375
462
386
82
182
319
41
204
350
112
57
14
259
418
318
32
77
380
142
238
456
191
331
434
143
397
137
310
416
106
431
47
4
107
44
54
173
203
413
476
468
488
394
86
36
157
283
294
65
124
329
34
464
494
248
449
309
37
297
436
151
489
277
231
393
136
356
29
325
154
428
336
414
444
116
377
497
28
170
118
90
466
141
369
424
293
299
359
130
221
458
98
345
252
417
3
362
109
91
486
186
235
21
490
199
391
498
429
361
205
190
302
499
250
20
115
423
396
87
295
408
49
402
24
129
121
487
135
119
159
31
228
97
92
167
289
234
18
324
55
196
263
459
102
103
484
267
84
342
183
43
105
251
148
128
72
99
460
166
52
10
216
470
73
272
439
335
74
376
371
306
30
16
382
463
127
134
214
367
311
261
322
12
177
126
50
264
341
193
452
138
478
347
211
296
19
485
225
389
113
420
39
110
212
451
352
93
22
165
469
320
26
365
161
245
164
8
25
45
286
390
398
269
53
226
317
200
493
239
208
242
71
366
500
244
38
340
458
54
125
14
382
255
161
92
349
375
478
173
212
280
189
96
204
24
143
37
394
282
230
334
430
308
199
290
252
352
327
267
425
292
150
256
388
63
210
44
28
279
193
490
257
172
369
296
283
197
355
178
122
372
134
254
488
486
127
154
466
287
489
281
192
83
480
316
449
130
165
40
341
58
179
358
465
106
263
289
266
187
422
448
389
201
116
101
242
176
175
429
432
107
90
19
285
361
419
415
76
65
206
181
23
335
147
386
274
95
493
82
27
149
431
55
435
378
141
319
235
158
21
137
374
269
477
353
318
124
25
243
26
445
387
437
240
436
305
20
405
348
487
49
402
452
183
121
337
67
495
295
41
376
196
408
188
418
400
258
434
129
72
331
217
245
238
413
302
61
407
485
293
162
168
74
440
213
409
142
139
84
45
453
307
160
472
366
97
451
270
202
462
380
227
170
2
186
421
79
18
155
60
123
441
314
120
313
265
81
343
311
370
260
34
303
51
174
29
294
317
330
35
350
248
399
151
345
423
459
360
157
207
166
13
259
463
177
78
391
11
428
52
427
284
424
66
39
247
381
57
300
22
288
237
323
315
226
473
46
113
105
167
87
135
215
362
5
456
470
373
326
62
396
271
443
363
59
233
393
32
354
153
91
6
236
454
356
365
200
403
205
364
475
351
298
128
216
88
404
438
145
239
251
80
110
133
464
446
115
368
264
385
483
53
112
231
117
182
103
268
276
209
185
203
86
42
144
342
85
56
171
140
272
426
324
138
499
3
228
384
249
191
395
33
180
286
126
417
297
190
111
397
7
500
306
48
208
36
218
320
163
328
102
43
471
347
457
241
310
332
152
131
321
309
497
69
9
401
184
16
455
108
10
447
339
416
164
491
498
118
114
70
246
221
392
109
461
411
1
474
278
47
94
482
250
304
15
338
98
119
89
479
30
156
229
261
336
64
93
71
277
460
433
12
444
496
104
299
273
99
398
492
312
17
225
262
159
468
412
494
73
8
31
275
223
136
442
68
379
219
439
414
50
329
100
467
344
484
333
169
220
410
383
148
234
371
301
291
481
450
195
346
232
420
406
390
224
75
146
325
132
367
357
214
377
198
211
253
469
322
222
359
4
476
194
77
500
1
2
3
4
5
6
7
8
9
10
11
12
13
14
15
16
17
18
19
20
21
22
23
24
25
26
27
28
29
30
31
32
33
34
35
36
37
38
39
40
41
42
43
44
45
46
47
48
49
50
51
52
53
54
55
56
57
58
59
60
61
62
63
64
65
66
67
68
69
70
71
72
73
74
75
76
77
78
79
80
81
82
83
84
85
86
87
88
89
90
91
92
93
94
95
96
97
98
99
100
101
102
103
104
105
106
107
108
109
110
111
112
113
114
115
116
117
118
119
120
121
122
123
124
125
126
127
128
129
130
131
132
133
134
135
136
137
138
139
140
141
142
143
144
145
146
147
148
149
150
151
152
153
154
155
156
157
158
159
160
161
162
163
164
165
166
167
168
169
170
171
172
173
174
175
176
177
178
179
180
181
182
183
184
185
186
187
188
189
190
191
192
193
194
195
196
197
198
199
200
201
202
203
204
205
206
207
208
209
210
211
212
213
214
215
216
217
218
219
220
221
222
223
224
225
226
227
228
229
230
231
232
233
234
235
236
237
238
239
240
241
242
243
244
245
246
247
248
249
250
251
252
253
254
255
256
257
258
259
260
261
262
263
264
265
266
267
268
269
270
271
272
273
274
275
276
277
278
279
280
281
282
283
284
285
286
287
288
289
290
291
292
293
294
295
296
297
298
299
300
301
302
303
304
305
306
307
308
309
310
311
312
313
314
315
316
317
318
319
320
321
322
323
324
325
326
327
328
329
330
331
332
333
334
335
336
337
338
339
340
341
342
343
344
345
346
347
348
349
350
351
352
353
354
355
356
357
358
359
360
361
362
363
364
365
366
367
368
369
370
371
372
373
374
375
376
377
378
379
380
381
382
383
384
385
386
387
388
389
390
391
392
393
394
395
396
397
398
399
400
401
402
403
404
405
406
407
408
409
410
411
412
413
414
415
416
417
418
419
420
421
422
423
424
425
426
427
428
429
430
431
432
433
434
435
436
437
438
439
440
441
442
443
444
445
446
447
448
449
450
451
452
453
454
455
456
457
458
459
460
461
462
463
464
465
466
467
468
469
470
471
472
473
474
475
476
477
478
479
480
481
482
483
484
485
486
487
488
489
490
491
492
493
494
495
496
497
498
499
500
500
1
2
3
4
5
6
7
8
9
10
11
12
13
14
15
16
17
18
19
20
21
22
23
24
25
26
27
221
29
30
31
114
33
34
35
36
37
38
39
40
41
42
43
44
45
46
47
48
49
50
51
52
53
54
55
56
57
58
59
60
61
62
63
64
65
66
67
68
69
70
71
72
73
74
75
76
77
78
79
80
81
82
83
84
85
86
87
88
89
90
91
92
93
94
95
96
97
98
99
100
101
102
103
104
105
106
107
108
109
110
111
112
113
32
115
116
117
118
119
120
121
122
123
124
125
126
127
128
129
130
131
132
133
134
135
136
137
138
139
140
141
142
143
144
145
146
147
148
149
150
151
152
153
154
155
156
157
158
159
160
161
162
163
164
165
166
167
168
169
170
171
172
173
174
175
176
177
178
179
180
181
182
183
184
185
186
187
188
189
190
191
192
193
194
195
196
197
198
199
200
201
202
203
204
205
463
207
208
209
210
211
212
213
214
215
216
217
218
219
220
28
222
435
224
225
226
227
228
229
230
231
270
233
234
235
236
237
238
239
240
241
242
243
244
245
246
247
248
249
250
251
252
253
254
255
256
257
258
259
260
261
262
263
264
265
266
267
268
269
232
271
272
273
274
275
276
277
278
279
280
281
282
283
284
285
286
287
288
289
290
291
292
293
294
295
296
297
298
299
300
301
302
303
304
305
306
307
308
309
310
311
312
313
314
315
316
317
318
319
320
321
322
323
324
325
326
327
328
329
330
331
332
333
334
335
336
337
338
339
340
341
342
343
344
345
346
347
348
349
350
351
352
353
354
355
356
357
358
359
360
361
362
363
364
365
366
367
368
369
370
371
372
373
374
375
376
377
378
379
380
381
382
383
384
385
386
387
388
389
390
391
392
393
394
395
396
397
398
399
400
401
402
403
404
405
406
407
408
409
410
411
412
413
414
415
416
417
418
419
420
421
422
423
424
425
426
427
428
429
430
431
432
433
434
223
436
437
438
439
440
441
442
443
444
445
446
447
448
449
450
451
452
453
454
455
456
457
458
459
460
461
462
206
464
465
466
467
468
469
470
471
472
473
474
475
476
477
478
479
480
481
482
483
484
485
486
487
488
489
490
491
492
493
494
495
496
497
498
499
500
