1000
12
68 35 1 70 25 79 59 63 65 6 46 82 
28
62 92 96 43 28 37 5 3 54 93 83 22 17 19 48 27 72 39 70 13 68 100 36 95 4 12 23 34 
4
65 42 12 54 
29
48 45 63 58 38 60 24 42 30 79 17 36 91 43 89 7 41 65 49 47 6 71 51 2 94 85 55 57 67 
27
32 9 45 40 27 24 38 39 19 83 30 42 34 16 59 5 31 78 7 74 87 22 46 25 73 71 98 
13
87 91 62 37 56 68 75 32 53 51 42 25 67 
11
8 92 38 58 88 54 84 46 10 59 22 
19
23 47 7 31 14 69 1 92 63 56 11 60 25 38 49 84 96 42 3 
21
92 37 75 21 97 22 49 100 69 85 82 35 54 19 39 1 89 28 68 29 94 
19
84 8 22 11 18 14 15 10 17 36 52 1 50 20 57 99 4 25 9 
25
10 90 3 96 86 94 44 24 88 15 4 49 1 59 19 81 97 99 82 58 73 23 39 93 80 
11
58 59 92 16 89 57 12 3 35 73 56 
19
47 63 87 76 34 70 43 45 17 82 99 23 52 22 100 58 77 93 90 
6
13 1 11 4 70 62 
19
2 90 56 24 3 86 83 89 27 18 58 33 70 55 22 77 30 69 93 
6
56 35 50 42 13 46 
1
19 
4
40 24 80 97 
8
30 50 38 67 94 96 98 17 
27
6 89 83 56 35 15 2 17 72 87 64 14 86 54 13 9 33 46 57 22 59 47 82 45 97 23 30 
2
36 51 
14
67 45 60 93 40 54 25 55 11 46 50 87 14 75 
3
69 19 88 
6
59 92 3 26 78 15 
15
25 35 75 73 60 34 71 88 98 19 78 74 64 69 93 
6
3 81 14 28 100 26 
14
25 24 73 62 82 4 33 6 94 26 32 93 43 23 
27
65 1 88 61 14 75 71 36 34 12 97 68 86 51 41 95 96 25 20 26 77 59 3 72 67 79 94 
2
85 19 
25
20 53 1 88 61 27 11 58 71 16 77 28 44 59 65 10 83 87 66 78 75 26 30 29 24 
21
3 63 24 97 38 62 96 26 65 61 17 31 27 12 72 48 54 21 91 25 89 
14
41 52 63 30 1 14 59 79 66 8 78 40 4 61 
8
25 78 9 14 88 2 51 61 
19
94 85 6 41 12 5 36 57 73 51 24 86 17 27 58 38 72 70 62 
27
23 18 13 97 86 42 24 30 66 60 33 56 54 63 85 35 55 73 58 70 64 8 84 12 36 68 49 
26
39 24 43 55 12 42 76 60 26 22 71 27 35 6 84 51 99 80 2 94 38 57 77 63 49 82 
1
14 
22
56 43 63 12 78 25 79 53 44 97 74 41 14 76 73 19 11 18 33 13 96 70 
12
41 89 86 91 98 90 46 54 15 52 45 59 
6
60 93 6 65 82 4 
20
76 9 93 98 50 57 62 28 68 42 30 41 14 75 2 78 16 84 25 60 
1
29 
8
85 76 87 99 71 88 48 5 
24
22 64 7 11 72 90 41 65 43 20 14 92 5 19 33 51 6 76 40 4 23 99 48 85 
29
72 65 14 76 46 13 47 79 70 63 20 86 90 45 66 41 9 19 71 2 24 33 73 53 88 64 4 28 1 
30
16 66 29 44 48 89 38 10 64 50 82 43 9 61 22 59 55 47 91 31 21 49 68 37 84 36 27 86 39 54 
10
25 49 24 60 58 67 45 56 19 27 
2
26 56 
12
50 97 85 16 65 43 76 14 49 73 27 7 
14
30 5 6 27 13 76 94 66 37 42 15 95 57 53 
27
39 83 56 16 32 31 42 26 12 38 87 91 51 63 35 94 54 17 53 9 34 55 4 57 49 25 18 
14
10 29 1 81 19 59 51 56 62 65 4 77 44 3 
22
90 49 83 54 75 21 3 24 32 70 79 60 9 20 72 4 46 82 5 93 86 14 
9
90 23 39 38 11 62 35 9 60 
14
16 70 38 59 1 72 65 18 56 31 40 13 89 83 
5
86 11 85 75 81 
26
52 42 16 80 11 99 74 89 78 33 57 90 14 9 91 24 64 29 85 79 1 72 86 75 34 68 
24
96 69 26 77 30 51 99 10 94 87 81 17 50 68 29 80 65 22 6 27 67 88 82 41 
17
22 63 65 10 16 3 74 25 42 46 24 32 7 69 19 8 82 
23
37 31 15 10 85 57 91 94 97 53 55 46 9 49 92 13 32 40 59 23 5 96 70 
10
39 24 19 67 60 99 87 97 63 34 
9
23 47 93 38 26 48 59 3 8 
19
31 93 1 79 100 53 49 83 41 16 76 63 68 37 98 19 29 52 17 
21
50 26 59 30 21 41 61 48 63 56 76 93 62 55 99 47 15 89 70 39 64 
16
16 22 76 29 35 71 6 65 58 63 62 25 50 70 31 24 
1
34 
6
11 38 37 79 94 15 
25
92 50 36 6 38 5 24 65 71 9 69 82 86 53 74 95 77 27 97 73 41 75 20 44 12 
22
90 20 66 6 86 17 51 16 10 65 67 94 75 1 96 74 62 73 69 59 32 27 
11
23 75 80 11 53 83 92 96 65 3 56 
21
75 73 22 23 48 78 90 6 96 95 51 44 55 82 13 40 29 63 68 9 16 
19
24 60 35 5 87 20 59 46 7 67 1 68 93 88 33 57 75 48 22 
14
23 32 77 84 49 24 83 19 21 12 57 91 26 25 
7
78 70 44 35 69 92 97 
14
29 28 27 72 98 13 4 9 46 86 39 38 44 14 
2
51 29 
12
51 50 93 55 70 82 66 68 14 94 35 73 
3
31 2 43 
18
78 71 3 65 82 91 24 38 80 96 70 28 43 11 83 59 27 88 
21
29 52 59 14 61 84 87 43 11 73 35 42 19 4 68 66 39 82 58 51 15 
29
59 62 64 57 8 79 90 36 66 76 87 34 61 31 49 29 93 41 67 11 100 38 83 53 70 45 95 9 48 
3
36 9 65 
18
44 50 16 42 90 1 13 49 24 52 75 34 92 55 91 98 20 81 
19
32 45 41 88 100 26 84 39 93 94 53 12 61 35 98 86 30 6 92 
13
11 50 79 80 72 78 74 94 21 98 27 77 91 
13
79 60 19 90 50 25 73 81 9 68 78 4 71 
28
97 75 23 12 20 62 57 91 64 84 17 33 53 42 55 14 63 61 16 5 100 37 81 99 88 85 41 18 
27
71 42 83 50 24 59 6 22 96 97 17 79 80 78 51 8 30 82 77 54 100 85 66 94 9 73 44 
20
15 69 56 92 74 23 49 52 87 45 47 78 18 30 17 75 70 13 94 16 
10
58 41 53 37 52 88 27 63 56 84 
25
81 98 66 14 62 79 41 12 48 46 71 76 90 51 50 34 15 83 8 33 97 68 23 11 42 
2
88 6 
30
22 39 52 48 9 47 77 60 90 23 67 87 56 29 15 61 54 78 49 4 62 32 83 98 7 53 97 82 25 19 
16
77 75 60 99 54 23 36 44 89 33 48 81 27 79 51 2 
2
100 56 
24
17 74 62 46 75 51 54 82 88 100 11 44 66 73 30 13 77 48 91 72 6 33 90 21 
6
32 59 94 7 79 49 
17
72 67 97 98 21 95 30 89 10 85 70 79 18 16 27 69 7 
9
98 19 91 100 86 87 21 11 72 
4
16 86 19 81 
12
68 88 45 87 8 61 28 75 32 53 72 69 
14
86 38 12 5 78 7 69 23 14 1 43 39 89 56 
30
48 82 94 85 88 62 18 2 83 66 54 5 96 26 22 65 73 7 57 44 81 69 12 14 52 17 80 41 32 34 
20
64 60 54 37 96 66 75 21 36 81 77 56 26 72 9 57 3 33 6 41 
26
63 86 81 37 98 3 9 41 77 59 94 47 75 74 36 73 1 8 56 67 42 89 82 69 16 97 
26
10 13 37 56 63 44 43 22 23 49 19 69 18 15 51 91 36 60 70 96 4 41 80 100 6 92 
2
82 53 
24
34 30 88 43 54 84 21 15 19 45 64 53 65 70 71 6 48 95 27 77 24 41 80 91 
9
11 72 46 22 71 84 90 56 79 
30
7 63 36 88 97 34 89 80 94 91 66 2 6 8 68 70 35 72 58 99 46 98 19 39 45 73 64 29 65 24 
21
5 2 28 98 93 72 64 22 66 46 11 96 42 23 13 52 16 56 94 39 80 
23
9 55 23 8 46 39 45 91 40 5 24 26 79 25 82 31 34 95 47 88 6 17 51 
30
39 64 36 98 10 31 25 9 38 75 21 73 94 56 35 62 57 7 85 76 83 20 42 33 80 84 68 37 26 19 
18
29 20 78 38 92 57 96 61 2 94 33 37 81 76 8 85 75 91 
17
42 52 30 91 75 73 92 90 88 40 94 54 64 82 4 6 77 
30
96 40 69 99 84 16 22 94 27 23 39 29 82 100 79 92 24 44 35 50 3 8 42 88 47 38 14 1 17 91 
23
36 27 11 78 83 61 90 6 75 64 23 96 67 39 89 12 46 68 26 43 48 3 18 
10
24 27 4 49 52 71 37 59 68 57 
16
32 63 20 76 57 96 45 92 4 89 16 51 73 84 34 43 
20
1 55 79 86 58 34 94 91 4 51 23 72 12 39 42 59 48 53 80 3 
14
91 3 69 23 96 36 9 62 43 95 100 89 79 58 
2
48 70 
26
81 14 65 11 62 86 74 5 63 4 3 70 55 30 53 75 50 31 45 19 66 64 71 32 48 12 
20
99 4 53 80 54 44 23 89 64 35 51 41 12 93 52 81 78 17 77 79 
1
16 
29
99 80 36 58 84 63 3 21 71 23 74 42 87 89 18 93 68 50 66 90 33 20 82 4 31 29 32 53 73 
5
8 96 29 82 91 
1
78 
22
37 60 44 41 34 38 94 31 75 83 4 62 91 63 8 98 52 24 18 67 84 46 
17
52 66 2 41 10 98 84 51 59 22 76 82 88 72 100 5 80 
9
1 31 62 19 6 41 29 60 23 
29
61 99 36 82 15 68 94 97 62 47 39 71 77 56 18 72 53 59 34 66 27 2 35 60 49 74 93 38 4 
1
12 
15
69 28 99 90 49 80 48 50 32 70 76 37 100 24 44 
22
55 62 35 86 68 17 94 5 67 54 9 24 85 93 49 70 31 12 15 91 28 44 
15
100 75 96 7 59 90 10 48 41 19 65 76 27 4 67 
13
41 71 77 96 42 87 52 10 88 84 86 91 51 
27
56 82 29 3 78 63 25 66 73 33 86 47 90 79 84 26 61 46 22 21 28 74 35 52 76 37 2 
8
11 75 91 57 72 81 36 46 
3
26 19 74 
3
38 99 6 
23
18 93 40 48 47 4 32 16 59 30 46 95 100 73 76 63 74 81 39 98 43 9 78 
6
35 2 79 83 70 37 
29
40 39 22 27 64 78 76 25 82 1 62 63 3 49 96 85 17 38 8 94 45 60 59 44 69 20 58 42 92 
5
24 16 73 30 42 
6
16 37 58 60 1 53 
24
42 30 49 28 99 25 75 34 86 39 71 63 85 10 79 24 1 94 6 13 66 68 8 78 
15
5 91 35 92 22 86 43 99 87 19 25 98 77 55 70 
19
28 94 69 67 3 39 1 20 19 91 85 40 57 9 33 79 15 88 75 
1
28 
5
89 42 99 43 3 
2
5 47 
7
10 34 9 62 87 5 86 
3
43 61 62 
1
44 
9
88 14 64 92 35 16 57 62 13 
2
60 52 
19
71 25 8 85 52 2 90 59 42 91 14 13 56 61 94 73 3 77 44 
24
67 52 76 29 33 62 70 4 30 8 93 54 71 20 73 95 6 41 84 63 10 39 61 72 
12
55 48 15 24 30 90 67 88 57 33 71 40 
27
23 84 61 54 6 92 60 87 88 30 43 18 46 57 89 53 55 67 34 20 32 39 68 77 99 15 21 
4
8 70 17 23 
13
8 64 61 48 94 31 18 44 77 15 27 35 21 
12
93 65 55 67 94 76 1 13 52 77 80 44 
28
90 62 86 73 35 45 64 5 47 89 9 58 31 24 65 75 38 82 19 12 93 92 33 99 70 1 80 18 
8
15 96 42 37 68 29 54 10 
24
82 4 70 17 84 68 86 3 31 58 11 67 88 72 78 46 65 39 48 16 93 12 6 54 
2
81 41 
1
76 
21
91 78 99 87 5 90 32 45 89 11 19 20 60 28 10 80 17 1 97 54 59 
11
94 7 50 55 73 61 95 34 47 30 72 
19
60 42 22 89 67 34 86 71 30 62 61 9 83 63 7 79 80 98 88 
29
70 84 41 96 67 34 10 58 18 35 54 36 59 94 44 52 95 38 75 13 98 93 31 14 97 11 90 29 87 
5
41 83 70 21 94 
23
63 15 28 8 95 6 14 12 94 65 4 96 82 47 10 49 69 25 55 36 34 41 78 
28
41 43 1 59 77 55 36 31 32 96 38 24 23 28 30 12 81 54 94 22 86 29 44 56 72 71 53 76 
22
41 35 87 49 40 66 97 13 63 53 32 88 65 58 57 71 51 83 2 94 100 33 
25
32 76 5 51 27 67 39 2 24 44 42 81 96 19 60 64 29 30 89 55 14 80 70 78 38 
13
16 93 24 73 49 54 96 98 9 12 94 66 82 
23
11 29 57 6 66 24 70 16 54 85 79 46 41 34 86 1 69 95 49 82 33 73 83 
22
7 36 61 72 28 38 44 69 34 96 4 43 12 80 35 13 94 31 62 59 27 92 
14
89 28 20 85 25 94 36 95 83 68 6 47 87 90 
21
38 51 60 79 57 78 4 43 1 12 26 44 96 17 16 5 7 69 42 36 99 
6
14 24 13 19 58 97 
30
87 95 47 44 23 12 81 56 59 48 71 91 74 28 14 55 97 73 51 42 26 25 30 96 4 94 68 88 41 80 
22
26 35 61 1 8 22 93 94 18 4 44 40 12 29 79 49 51 45 55 24 54 37 
18
47 27 62 5 39 72 87 6 100 57 29 68 52 20 92 67 18 94 
8
22 13 68 100 45 98 2 29 
13
5 69 42 97 63 21 45 19 26 20 85 75 60 
10
15 96 4 33 52 38 64 20 91 18 
24
19 85 53 87 70 49 38 98 25 69 28 94 83 72 78 15 5 44 96 12 93 99 91 100 
11
94 75 50 15 74 70 19 66 34 39 12 
23
64 9 50 89 46 32 21 7 72 69 22 59 58 48 83 39 23 24 90 57 52 19 51 
28
37 92 7 11 14 52 81 45 44 42 46 79 50 6 15 86 28 25 5 57 18 56 3 87 69 99 80 12 
10
59 91 76 11 33 90 97 51 13 23 
20
73 37 78 54 77 71 86 53 52 98 2 36 94 17 29 12 26 39 97 40 
25
57 27 3 59 89 22 87 9 78 29 80 48 50 81 46 63 20 92 86 32 7 85 55 70 10 
27
22 46 66 17 61 98 36 91 78 50 6 87 89 76 44 31 88 56 83 54 1 55 90 16 9 11 41 
20
98 8 55 5 38 86 100 93 14 13 83 84 52 30 34 1 65 58 69 11 
9
9 42 33 38 85 100 2 70 84 
7
93 41 88 13 11 21 36 
14
16 98 78 75 35 54 34 79 87 25 76 50 13 85 
25
93 5 23 56 14 63 74 85 61 54 98 51 38 18 7 32 6 37 58 100 91 99 86 48 26 
27
56 29 39 43 96 38 7 68 54 94 6 47 10 25 55 66 40 93 100 76 37 62 48 19 14 28 13 
27
10 42 31 91 35 16 87 24 67 45 37 38 17 94 50 72 78 86 1 26 19 69 7 30 9 81 71 
25
48 29 37 5 1 24 65 12 41 51 84 67 42 71 46 7 89 57 8 58 79 100 75 56 92 
21
33 59 97 18 91 68 8 35 47 63 3 40 27 96 7 15 51 87 80 77 23 
10
2 13 77 65 58 71 39 45 62 81 
21
44 57 62 48 40 9 91 53 80 19 20 8 85 78 76 14 10 72 43 37 22 
22
35 30 59 37 70 98 5 99 3 6 39 33 66 17 82 80 24 28 72 14 83 41 
7
89 20 90 14 60 52 72 
4
65 39 13 85 
10
2 75 34 60 15 50 96 23 42 17 
18
53 66 92 39 11 68 56 88 25 23 40 42 49 5 35 69 73 75 
7
38 34 42 46 19 16 75 
23
47 57 25 67 82 45 41 35 97 77 28 6 19 92 42 66 72 60 1 18 17 44 65 
6
58 3 67 76 47 33 
30
47 46 4 53 2 27 54 85 50 51 6 26 71 37 96 94 24 33 57 97 11 77 93 91 16 62 61 30 35 83 
7
37 85 91 18 83 67 17 
29
26 2 11 51 83 22 94 39 55 96 81 68 21 46 84 66 97 34 91 33 90 40 18 30 54 80 14 1 53 
26
62 52 19 64 14 8 55 77 18 12 30 65 67 32 43 99 23 56 88 58 59 63 11 47 66 81 
26
47 41 98 43 65 95 85 71 16 1 7 3 97 34 12 68 46 76 55 49 20 80 89 22 93 10 
13
72 59 23 60 98 100 21 37 85 13 16 54 86 
12
100 68 9 45 70 82 80 8 60 7 50 76 
7
25 8 75 85 29 47 46 
22
15 50 69 39 8 94 5 6 98 18 56 42 44 34 80 37 55 31 53 89 71 73 
17
2 16 87 32 81 76 61 15 39 58 91 82 48 43 19 71 62 
10
82 91 34 73 64 3 29 22 99 48 
26
7 23 87 95 78 45 84 48 41 86 65 24 38 54 69 31 56 67 59 13 57 19 2 43 77 3 
5
24 71 13 51 76 
2
51 96 
29
21 2 84 99 93 49 85 46 88 63 44 59 60 72 17 73 33 42 89 16 77 40 6 98 47 70 76 18 31 
13
36 90 74 81 78 87 82 86 23 46 80 14 84 
27
97 49 86 53 22 61 83 37 89 20 93 66 79 99 87 12 77 48 3 46 65 40 73 58 71 21 55 
10
81 99 92 61 11 68 34 76 37 100 
16
91 77 57 73 4 87 68 16 43 96 67 38 99 27 65 86 
16
9 41 61 15 55 13 53 39 7 26 31 50 80 14 18 22 
16
92 70 40 9 66 63 74 82 71 48 54 16 30 67 90 64 
12
42 60 32 73 15 67 89 71 69 100 56 51 
5
37 79 7 28 14 
24
72 28 74 62 35 3 88 18 64 54 27 96 14 7 71 60 6 97 34 24 53 80 20 94 
26
66 72 45 8 88 100 20 97 16 53 93 54 58 91 60 87 10 14 36 29 2 69 70 57 32 79 
5
96 44 75 17 25 
2
86 23 
2
58 96 
15
39 84 59 96 23 32 4 33 1 91 81 9 6 3 19 
28
62 21 29 57 14 33 93 83 68 59 75 88 95 84 65 15 47 91 26 56 64 32 20 81 19 49 80 92 
17
88 9 27 26 60 19 21 36 15 57 48 35 61 52 79 95 90 
5
77 95 91 90 73 
10
2 3 45 24 40 10 28 38 87 17 
28
70 24 100 15 16 45 37 79 77 59 53 47 38 89 17 83 75 34 57 63 25 30 43 85 73 50 97 27 
3
3 76 17 
6
53 60 56 18 45 55 
4
25 100 23 22 
14
14 18 94 74 61 76 75 86 2 23 9 96 27 21 
12
89 30 73 78 94 9 55 23 77 38 17 4 
1
13 
20
54 80 100 23 3 70 55 30 35 39 75 27 64 73 49 4 8 19 34 38 
26
80 62 45 60 8 77 73 46 93 29 97 12 36 30 17 33 57 59 50 21 25 27 7 84 75 92 
9
39 65 5 78 54 43 24 53 26 
2
43 25 
10
36 91 47 29 56 5 42 10 82 80 
3
84 93 33 
3
100 62 48 
26
91 70 60 29 40 81 72 79 41 57 49 45 46 26 11 99 17 16 65 27 73 80 94 83 6 37 
4
6 88 33 39 
26
65 19 100 33 9 97 39 79 46 60 70 45 63 50 68 59 44 62 4 91 87 27 5 1 69 24 
28
97 67 31 66 53 1 18 74 87 69 98 80 25 29 61 59 26 68 13 35 70 63 71 12 36 91 65 51 
11
46 68 55 88 18 66 43 89 74 16 80 
28
89 70 87 31 10 41 22 20 82 27 21 12 55 94 85 58 100 37 30 51 6 66 35 50 95 93 71 18 
4
54 18 78 61 
26
54 92 63 77 55 73 35 17 51 94 46 53 48 22 62 45 60 67 86 40 19 8 69 33 100 21 
26
99 93 17 83 30 60 59 84 100 36 58 71 72 43 81 78 7 96 87 4 53 19 86 29 79 61 
12
50 65 86 27 58 38 42 39 94 97 34 69 
4
36 10 97 82 
22
40 85 24 100 32 50 43 7 51 88 41 70 89 68 84 1 59 39 64 21 67 86 
24
30 99 57 71 76 97 84 89 20 47 91 70 42 98 46 55 59 95 92 38 1 33 37 39 
29
81 86 14 85 54 28 27 71 37 82 50 49 78 100 36 74 38 52 32 18 34 72 77 30 45 43 68 1 29 
17
35 100 58 41 82 24 42 32 50 40 76 64 46 27 2 25 84 
10
36 25 96 46 71 84 18 93 53 74 
21
56 69 71 44 31 57 66 15 81 59 25 9 12 68 18 29 91 100 13 1 65 
16
85 83 12 7 69 45 27 37 67 93 89 39 66 13 48 47 
10
53 72 57 11 58 67 51 71 46 26 
9
75 44 30 37 64 17 59 35 2 
22
56 16 75 83 40 25 1 76 38 77 65 96 26 30 52 89 95 45 7 72 91 85 
30
80 96 59 8 46 75 39 57 21 33 67 23 58 54 72 56 90 26 30 29 40 28 95 91 49 55 18 93 31 19 
29
57 91 83 44 40 2 94 28 70 34 32 93 36 27 43 81 17 62 18 8 21 46 67 22 7 92 71 16 96 
4
64 72 93 36 
18
13 82 68 22 53 23 29 31 30 25 100 54 52 95 42 65 84 21 
25
89 78 14 3 59 54 50 76 91 39 24 96 2 6 88 42 27 31 10 21 36 44 32 75 1 
2
76 10 
11
95 23 37 91 16 53 55 83 34 89 56 
21
46 24 43 60 88 44 48 85 90 69 89 99 81 80 8 14 61 47 72 83 45 
3
49 37 54 
20
89 24 26 52 91 40 47 63 76 25 79 86 4 82 78 51 49 71 95 17 
10
27 39 16 73 53 63 22 68 29 66 
20
60 83 90 87 20 36 41 67 33 86 23 4 62 97 42 51 73 71 14 66 
26
21 11 29 71 22 97 5 15 100 70 53 36 72 45 31 83 62 96 52 67 84 59 73 7 85 6 
13
22 42 76 91 26 12 68 83 84 88 94 51 80 
29
75 85 30 36 61 6 12 93 25 51 17 2 60 10 24 68 1 26 57 41 49 56 8 50 92 83 37 20 71 
30
26 20 10 2 32 25 8 84 70 89 65 64 35 71 52 98 12 68 66 41 80 56 29 62 33 28 61 40 67 38 
9
49 5 66 22 34 76 42 15 48 
23
55 77 59 22 85 89 67 17 57 81 30 38 90 44 5 2 21 88 37 53 83 29 73 
4
59 80 84 88 
24
98 97 95 2 54 21 4 73 33 25 34 58 66 81 68 67 91 69 27 29 80 45 50 11 
1
28 
11
28 83 94 88 64 62 66 100 52 19 82 
19
4 59 39 79 65 58 73 22 23 57 68 61 99 44 35 42 20 53 63 
12
12 94 6 82 52 61 99 72 43 95 85 36 
1
56 
16
24 51 89 40 11 18 33 49 96 20 90 72 52 38 50 1 
18
35 85 78 13 42 5 97 63 38 52 33 66 39 46 29 95 27 79 
26
29 6 50 58 13 2 100 28 93 54 96 43 68 77 56 49 4 16 48 74 66 38 70 32 71 69 
3
79 57 82 
6
87 30 32 79 60 53 
20
59 39 55 73 9 57 72 48 4 12 75 20 8 6 100 89 62 46 36 93 
3
77 68 4 
8
100 55 68 13 15 30 94 78 
5
13 32 90 27 48 
20
90 75 37 13 88 58 4 92 83 30 28 62 53 97 47 84 98 55 33 3 
6
77 25 82 96 24 33 
24
3 70 83 90 38 100 36 80 55 53 51 33 46 94 72 50 91 5 78 6 20 29 23 69 
26
75 85 52 38 16 90 82 60 51 47 61 28 34 22 62 19 64 59 95 72 46 3 21 55 54 87 
10
36 17 14 93 19 66 71 37 26 47 
5
13 83 16 6 27 
12
74 7 81 94 91 92 15 24 58 1 50 23 
26
63 3 69 75 53 49 36 39 38 73 93 1 44 20 82 71 92 46 85 15 86 80 100 83 87 51 
14
86 17 9 89 100 26 97 70 32 15 3 71 38 99 
28
99 52 89 64 54 6 42 68 63 56 82 96 19 73 95 71 39 22 46 24 44 66 36 38 100 93 55 25 
2
67 30 
3
57 19 76 
13
11 62 33 29 23 50 78 27 49 79 39 76 45 
6
40 22 41 67 82 49 
28
52 8 11 58 78 10 4 77 41 24 75 55 70 7 86 100 49 31 74 59 17 85 32 5 84 92 23 88 
25
69 95 80 24 10 58 42 86 78 73 29 36 50 18 44 68 66 91 92 70 39 5 77 13 94 
10
21 98 63 29 1 60 43 41 90 95 
23
21 87 47 65 72 44 67 75 46 89 50 28 55 5 82 58 86 15 51 33 74 13 84 
10
69 90 84 10 88 96 46 13 40 36 
19
80 8 31 55 2 41 44 19 13 78 24 73 84 86 87 21 58 3 40 
17
77 25 53 38 36 100 17 91 68 7 22 76 21 93 66 48 59 
25
32 30 83 6 63 90 24 71 43 97 81 70 73 16 52 37 56 75 78 55 38 2 77 5 74 
12
98 96 26 86 63 30 61 19 74 80 10 25 
25
83 76 16 44 47 33 69 85 62 73 87 67 90 52 5 34 95 77 99 18 65 17 15 97 74 
9
11 97 42 92 67 90 21 56 49 
22
82 72 26 29 74 55 10 31 39 92 40 54 49 68 78 91 98 57 90 63 37 30 
19
40 86 42 68 21 61 48 82 83 7 90 85 4 63 33 93 44 64 24 
2
41 93 
4
71 20 50 13 
27
46 87 57 4 65 99 9 79 39 24 6 12 94 18 44 28 15 91 17 2 40 45 37 13 75 34 41 
12
84 36 29 34 38 35 78 72 23 64 60 41 
29
83 49 67 91 28 59 72 7 6 2 35 71 56 8 100 31 76 4 40 95 89 65 74 81 88 14 53 79 5 
27
50 78 38 60 33 56 6 27 67 15 91 47 83 36 94 37 39 57 4 100 42 26 75 25 45 64 77 
8
35 48 27 44 45 93 62 70 
16
40 97 82 72 69 14 67 31 7 10 91 60 85 47 4 92 
24
97 84 51 58 36 13 68 70 66 4 74 92 17 50 16 19 44 89 98 12 75 64 26 8 
11
22 28 59 37 76 77 100 20 42 12 13 
30
36 64 31 15 37 84 33 89 40 6 71 41 69 92 29 86 38 21 25 98 55 4 95 63 66 1 3 30 27 49 
30
52 100 4 43 81 17 91 99 59 31 54 63 45 50 86 56 73 90 53 30 41 61 47 28 23 37 74 55 34 57 
12
92 35 32 23 80 3 77 81 70 89 30 86 
13
11 28 75 61 100 43 56 94 66 29 73 85 27 
29
24 2 88 89 98 53 76 51 79 56 94 31 7 32 90 66 22 28 65 41 14 11 64 21 4 55 23 17 87 
26
25 19 3 21 60 89 83 42 75 1 67 23 55 53 51 17 27 87 38 2 50 68 66 82 44 11 
19
90 59 85 22 7 87 88 72 91 73 19 74 54 82 63 97 14 52 16 
15
86 34 65 5 38 54 85 73 22 45 71 58 89 30 98 
11
24 2 44 77 32 1 49 14 54 12 94 
3
52 15 100 
7
13 35 50 53 42 10 51 
1
70 
26
63 66 12 18 64 22 7 46 44 51 94 65 43 45 34 37 3 26 60 54 8 30 52 71 96 29 
22
60 21 16 45 79 59 85 39 84 38 36 31 83 81 22 26 53 5 47 13 46 50 
25
30 33 10 17 62 34 31 47 84 74 40 81 36 88 71 90 61 22 98 64 45 6 16 14 35 
20
38 16 65 59 12 84 47 44 32 56 52 91 53 96 21 62 61 68 74 35 
4
92 2 79 88 
10
1 16 10 73 62 53 71 24 65 38 
1
11 
22
79 44 62 22 19 99 84 34 96 10 73 69 4 65 46 50 51 47 43 45 56 60 
19
86 2 69 48 7 88 36 10 65 34 52 41 26 25 47 1 39 32 22 
8
25 85 16 45 53 20 71 68 
10
75 88 31 46 17 45 100 63 86 16 
2
3 42 
5
74 34 53 12 30 
5
60 84 66 46 51 
17
92 98 14 72 87 63 91 85 7 19 23 20 67 60 4 80 99 
8
46 4 31 21 26 35 22 34 
6
88 94 28 49 25 93 
9
1 45 32 87 96 9 54 98 93 
12
20 8 72 23 62 92 53 52 24 66 57 81 
2
66 24 
1
29 
16
54 13 83 77 58 90 93 100 62 43 32 61 1 39 81 21 
26
30 69 42 63 35 34 71 83 1 61 65 100 37 66 28 55 29 20 85 11 18 98 26 7 64 49 
11
70 45 100 44 56 65 38 59 7 12 15 
28
94 30 88 81 86 65 35 77 16 19 85 48 49 56 33 82 38 28 97 60 25 100 54 2 42 5 66 51 
3
84 20 97 
20
79 39 42 4 7 21 71 50 6 25 88 85 30 40 99 74 16 3 86 64 
12
67 28 84 31 66 83 32 36 91 13 57 3 
9
14 27 98 65 16 94 8 38 19 
19
25 71 84 46 29 60 22 38 61 50 24 6 48 14 87 85 10 35 1 
21
40 58 69 57 86 93 23 34 36 84 28 100 62 91 1 80 74 7 46 10 37 
2
40 100 
12
8 96 20 85 28 56 61 34 53 1 4 89 
29
76 70 5 91 44 58 20 50 47 99 68 10 81 80 82 8 39 26 100 71 15 11 56 33 66 19 21 38 65 
20
4 45 51 42 2 28 11 97 25 84 99 41 32 71 55 36 46 10 15 33 
28
31 19 33 14 91 62 36 18 46 22 6 34 47 71 89 95 9 28 78 76 51 43 55 25 80 66 72 23 
25
68 10 11 73 53 75 78 98 71 42 18 69 66 22 56 28 15 84 38 33 50 63 83 36 93 
26
31 35 21 29 89 25 34 4 26 23 83 61 66 65 24 87 9 39 32 27 63 64 79 20 52 42 
26
77 69 22 99 88 32 40 53 31 75 82 43 19 1 35 7 81 91 24 100 86 56 45 9 20 50 
28
81 100 49 85 20 33 41 89 71 98 34 23 46 28 51 83 48 31 97 5 32 6 52 40 68 77 44 57 
4
17 58 87 67 
4
44 73 15 99 
12
38 62 10 21 87 28 42 54 24 29 92 98 
20
82 24 11 72 79 94 91 54 35 67 48 14 23 46 75 89 78 20 84 6 
5
47 25 42 90 99 
18
67 61 92 74 66 6 7 39 97 19 63 45 27 16 94 24 70 25 
19
70 73 71 62 16 26 30 95 38 96 31 50 1 2 4 93 60 49 7 
4
70 40 56 62 
12
11 78 77 40 23 3 25 97 50 24 13 15 
2
9 21 
22
57 99 50 46 98 67 44 49 93 32 5 96 95 51 52 82 76 85 34 1 100 68 
18
10 42 32 100 99 75 88 60 63 46 30 25 68 67 69 28 95 50 
27
43 24 97 18 12 69 49 82 34 75 89 85 26 5 45 22 61 23 52 1 31 21 99 28 81 6 83 
6
15 13 5 93 10 39 
16
67 72 81 65 42 27 87 36 34 52 25 77 93 60 97 28 
8
88 28 21 6 38 11 84 4 
18
84 42 36 22 78 79 81 35 12 30 54 31 9 49 33 71 17 64 
19
16 85 10 75 42 86 9 61 49 79 2 72 6 97 73 32 88 71 26 
15
3 28 47 89 53 98 90 96 99 52 19 74 58 20 16 
9
84 11 60 26 97 40 19 62 68 
14
67 39 27 94 83 77 61 58 81 55 79 62 69 22 
24
99 58 59 20 46 2 90 17 57 40 26 33 79 22 63 88 9 39 31 6 91 100 70 8 
24
14 57 86 84 49 94 100 63 7 67 36 20 72 65 9 48 15 13 8 23 28 93 21 99 
22
87 93 53 18 25 89 94 90 15 97 69 47 59 38 46 98 26 48 22 44 8 71 
20
47 40 53 13 21 32 77 92 26 46 100 17 75 57 78 73 37 9 97 10 
13
59 89 45 5 31 28 50 20 69 75 2 62 56 
27
28 14 63 81 19 29 90 42 24 97 32 41 36 33 83 51 45 53 58 2 69 34 74 95 20 27 84 
24
83 13 37 26 53 25 46 97 3 74 59 6 78 12 82 51 71 81 54 28 60 17 98 19 
19
78 82 66 53 14 72 77 87 75 43 42 10 98 63 49 93 37 21 18 
20
25 82 39 7 62 51 48 59 40 6 69 15 2 17 95 68 46 64 1 75 
25
100 26 81 18 25 50 87 75 58 86 16 59 76 31 83 12 38 71 63 92 29 62 13 97 77 
1
59 
22
92 49 23 99 51 59 29 46 43 39 61 74 78 94 96 5 14 33 26 22 69 85 
11
92 39 33 20 38 67 63 35 32 95 3 
2
15 43 
20
35 48 31 4 42 7 12 98 38 3 16 64 18 100 52 44 39 83 55 88 
13
13 23 38 75 92 9 19 52 78 24 53 12 31 
30
2 16 88 29 30 22 64 28 89 78 15 47 76 83 32 40 20 70 48 63 7 61 53 6 62 21 81 42 51 39 
5
52 6 41 90 26 
13
5 54 81 31 12 7 59 88 52 28 23 48 8 
27
15 6 50 7 11 16 36 89 86 35 14 24 77 64 78 27 23 8 30 67 28 26 1 49 76 31 58 
24
97 17 93 6 52 8 31 4 48 53 56 85 36 95 47 91 37 79 59 82 100 23 14 9 
23
42 92 77 25 58 9 47 59 33 64 28 32 80 38 1 10 51 55 41 98 40 39 82 
29
93 22 98 94 14 7 30 52 17 95 39 89 76 72 81 84 67 100 57 10 69 60 96 85 29 33 59 64 32 
27
61 67 50 23 84 74 7 47 75 9 71 21 70 79 28 39 85 60 68 31 22 92 91 94 45 10 8 
11
24 23 48 51 26 63 83 70 41 2 56 
6
27 88 64 80 67 79 
6
10 87 7 21 44 43 
12
84 39 18 96 10 100 98 43 53 68 41 4 
26
56 53 57 46 63 98 51 90 66 6 28 48 4 77 76 47 82 16 64 61 17 78 34 29 85 45 
27
75 9 36 3 42 87 94 21 15 45 58 13 5 97 92 7 27 17 84 34 12 77 6 66 99 19 20 
22
25 68 51 35 96 76 95 88 66 63 40 9 61 83 87 23 36 49 60 20 39 67 
4
51 61 42 94 
19
7 19 69 13 66 20 28 72 15 43 51 50 29 62 78 37 26 84 54 
26
27 54 66 46 28 81 32 84 48 24 82 64 45 50 41 63 92 30 99 79 26 61 70 3 83 56 
18
8 10 31 92 12 45 76 90 6 57 25 18 49 61 81 51 89 67 
8
79 74 44 49 33 77 64 99 
6
17 58 81 67 62 92 
14
30 86 51 92 94 89 87 58 60 28 11 27 91 42 
5
67 75 93 49 13 
23
17 59 28 60 43 40 64 49 97 51 79 9 87 38 4 24 2 42 46 31 95 1 94 
15
95 5 43 25 70 82 44 28 2 3 24 39 62 35 6 
1
33 
27
37 11 18 94 78 93 91 9 76 90 70 92 40 36 7 74 45 28 96 3 17 8 23 65 49 73 58 
8
32 87 97 7 68 15 91 6 
22
84 54 40 27 43 30 41 28 87 44 48 71 11 6 10 72 33 21 26 82 19 89 
12
53 58 66 76 31 52 3 51 89 48 73 91 
20
18 94 61 57 93 100 33 50 74 44 34 45 87 26 65 1 23 46 54 10 
16
48 9 20 35 37 24 45 83 91 76 47 40 49 66 63 69 
30
70 83 14 88 41 67 34 91 22 37 78 96 7 64 50 21 57 56 58 62 2 61 17 39 79 98 35 89 100 71 
20
16 67 66 33 75 79 38 1 49 94 59 58 72 83 18 7 21 13 5 3 
8
37 44 17 79 7 25 16 74 
1
79 
17
20 9 89 83 22 17 24 13 87 71 67 43 69 59 77 63 47 
2
54 5 
9
98 23 96 12 16 88 22 38 5 
29
41 65 67 95 32 66 57 85 7 1 90 3 12 58 8 28 87 44 36 13 78 50 2 47 60 77 9 91 98 
16
8 84 16 78 95 81 56 69 35 12 17 4 49 1 42 61 
14
24 90 33 88 79 40 4 38 91 64 78 2 14 31 
15
100 99 4 18 91 69 75 93 49 7 85 27 68 36 8 
28
72 6 31 21 46 59 60 99 43 9 78 67 34 79 91 12 41 18 3 70 44 49 27 61 58 64 47 69 
17
87 11 50 40 14 63 59 21 38 16 76 73 77 91 30 56 78 
25
76 36 77 41 49 30 91 34 68 38 24 46 4 95 87 35 53 42 26 2 56 5 79 92 61 
26
27 26 91 90 8 36 48 20 84 15 29 14 49 41 28 10 67 66 88 74 77 51 54 30 44 1 
22
12 79 64 89 69 3 61 74 67 19 86 2 20 47 14 97 90 95 5 28 62 96 
13
44 91 48 66 25 85 26 54 93 11 98 6 13 
17
57 31 32 35 2 72 39 66 37 70 25 87 73 3 53 81 26 
11
9 100 38 68 29 13 32 85 94 59 41 
8
89 78 60 31 77 41 39 92 
1
77 
1
95 
29
38 54 86 40 28 29 97 5 69 76 14 84 92 49 47 34 60 74 2 8 96 53 36 61 72 21 89 68 64 
3
75 50 31 
29
96 84 34 28 46 1 86 91 73 39 72 94 97 74 62 9 17 40 98 79 90 59 100 67 11 43 68 78 55 
15
93 3 27 95 46 75 49 84 45 82 76 71 48 19 99 
8
95 73 68 39 92 90 69 61 
23
1 13 35 78 76 18 91 48 41 6 85 44 15 65 99 83 71 24 52 61 68 20 56 
28
28 66 1 89 70 14 99 45 60 51 57 6 11 29 21 83 33 67 88 32 65 2 81 86 3 74 54 95 
28
89 55 3 67 69 48 72 38 34 13 63 21 2 56 86 87 18 42 64 49 33 68 54 47 14 95 8 76 
27
30 83 9 3 95 72 7 99 56 45 25 79 2 32 41 4 26 29 60 90 71 50 13 89 64 1 42 
15
6 45 12 76 85 7 59 98 95 60 24 16 97 23 74 
7
97 7 6 96 88 44 42 
30
89 40 78 73 53 97 83 72 86 30 85 48 69 100 16 23 43 13 8 32 49 55 91 10 59 26 28 65 56 6 
20
8 56 97 24 42 50 35 85 27 87 12 23 70 59 1 5 86 4 63 9 
3
41 2 38 
13
48 20 92 49 61 6 26 91 31 82 89 96 39 
12
85 48 56 72 3 1 62 18 66 40 2 24 
26
10 54 3 32 86 90 8 45 36 65 13 28 85 56 96 50 39 16 42 57 20 63 49 80 44 52 
22
97 99 80 39 7 92 2 14 82 52 70 87 78 43 42 56 36 59 100 62 81 75 
25
39 14 57 94 74 72 32 53 54 100 24 1 37 67 93 47 65 4 82 10 34 23 83 90 43 
15
70 41 37 66 6 13 73 27 56 26 11 57 89 47 69 
5
14 97 27 66 86 
22
30 57 89 17 39 99 16 100 23 34 69 44 29 62 91 25 42 48 20 82 83 90 
6
4 50 91 92 69 46 
18
46 68 71 39 87 26 3 83 96 29 56 97 21 42 14 47 79 28 
4
25 87 66 98 
29
17 19 45 5 64 80 16 73 44 8 18 27 81 58 70 37 59 1 23 75 36 29 15 100 28 93 22 41 90 
27
44 94 47 22 29 95 19 3 97 28 18 86 4 73 77 12 67 55 43 1 51 10 35 99 83 17 54 
5
22 49 12 76 44 
14
24 17 86 4 13 18 85 70 8 67 5 82 66 73 
1
61 
28
16 46 94 22 43 66 50 59 49 67 71 97 4 68 84 61 15 45 25 62 26 1 73 18 19 14 80 70 
7
76 25 47 88 18 83 72 
1
2 
16
26 74 48 7 89 18 44 39 85 58 40 95 61 32 54 66 
18
91 72 28 98 61 85 92 100 41 7 14 99 24 63 26 22 96 47 
29
55 2 24 14 99 47 88 79 13 19 83 85 15 57 20 59 28 31 27 93 67 25 45 56 3 89 22 36 69 
10
11 14 9 36 16 63 55 3 35 64 
25
93 85 82 49 41 25 2 3 94 97 21 56 80 79 15 8 74 100 67 69 86 65 88 30 19 
22
3 23 43 88 98 89 73 39 14 34 49 32 51 97 60 10 30 18 25 7 22 90 
26
39 10 70 82 40 8 30 14 55 86 51 94 50 95 3 9 35 28 73 97 43 20 22 84 74 6 
15
59 76 45 92 35 53 84 25 87 64 32 2 54 56 27 
27
29 52 62 11 81 54 28 92 53 10 27 70 35 64 31 22 68 50 18 66 12 26 9 63 51 25 16 
10
71 56 12 22 81 38 70 8 36 67 
3
83 50 7 
15
25 45 71 60 34 57 94 92 23 6 88 58 99 29 47 
1
98 
20
75 90 60 65 80 73 70 9 18 64 23 19 84 78 21 79 55 48 4 25 
7
64 92 93 55 31 50 76 
16
94 92 63 72 38 41 89 55 64 68 37 62 20 14 7 86 
21
5 41 73 54 66 46 7 27 58 97 47 81 85 94 95 6 60 39 57 80 83 
10
57 43 41 37 80 95 44 7 33 91 
6
82 17 78 74 18 79 
24
82 24 33 76 41 32 87 62 98 54 10 36 22 38 44 34 7 97 74 35 8 5 53 27 
22
70 9 32 8 47 79 43 46 31 62 48 71 27 88 15 87 6 40 66 22 45 3 
8
21 17 39 32 89 45 40 36 
2
89 92 
21
33 35 42 66 57 34 87 29 10 64 1 6 31 32 11 98 19 17 97 90 4 
22
61 36 91 21 47 46 71 14 37 11 69 7 8 57 2 80 95 55 27 44 15 16 
8
91 98 70 34 49 31 5 63 
27
61 31 12 10 69 39 33 2 3 92 7 5 80 74 11 66 38 20 19 50 13 47 90 91 34 73 54 
5
66 4 71 70 40 
29
38 25 57 89 67 97 59 87 21 33 26 77 10 92 43 22 88 90 84 78 39 15 63 56 7 20 44 3 13 
2
93 8 
29
45 49 16 80 22 52 88 76 59 84 47 8 89 26 96 61 21 91 68 57 55 73 1 94 4 10 9 86 90 
2
81 28 
21
42 3 94 95 58 22 57 4 67 29 89 13 65 36 73 34 21 49 7 14 62 
11
85 65 86 72 93 13 39 90 2 70 10 
29
75 68 39 57 99 29 54 10 65 21 26 6 8 19 1 79 28 4 56 40 41 20 81 94 58 93 27 38 60 
10
82 53 84 43 80 8 90 81 66 95 
4
14 26 62 98 
22
86 96 8 57 45 6 25 93 51 21 32 17 87 35 92 48 18 90 97 24 73 49 
24
92 67 62 82 42 44 46 97 30 74 1 51 4 29 32 24 43 11 89 14 80 21 38 56 
15
32 1 98 12 9 18 3 29 46 40 30 100 34 97 85 
7
30 14 4 92 65 96 99 
23
41 46 65 23 16 61 90 71 50 98 92 25 53 22 14 36 17 97 49 59 44 82 81 
18
37 71 63 64 67 56 99 73 32 62 1 94 42 50 45 38 83 20 
8
64 17 11 43 20 14 81 9 
17
48 7 53 97 72 1 78 57 36 12 88 3 85 24 84 14 33 
10
83 1 17 59 44 8 10 16 66 31 
23
18 59 82 73 58 41 8 12 94 72 88 44 69 3 89 99 83 53 78 86 17 29 95 
2
72 8 
13
33 10 93 78 28 6 92 84 82 71 5 19 15 
24
75 50 53 28 16 38 89 56 78 52 69 85 47 21 7 63 46 42 33 59 95 55 14 39 
29
6 40 52 74 48 20 80 18 46 47 1 99 98 42 26 41 100 10 57 44 93 91 75 59 89 65 55 68 31 
17
53 76 78 35 21 94 24 41 60 19 29 77 46 54 36 66 27 
11
13 81 27 60 61 78 1 75 84 82 7 
8
2 69 93 15 42 6 95 31 
11
15 99 40 47 63 68 55 49 29 31 25 
23
15 88 61 46 65 44 20 27 49 45 64 71 56 9 99 85 26 59 31 80 4 100 86 
1
52 
5
81 89 9 53 61 
20
44 83 66 82 75 81 71 40 53 42 45 76 73 34 95 10 96 27 46 5 
28
90 51 79 61 72 5 17 98 89 57 29 30 31 47 88 95 15 69 34 21 92 24 99 1 58 33 4 63 
23
97 60 42 62 26 85 16 53 25 19 94 75 70 100 98 99 35 28 73 89 52 58 81 
22
62 89 40 61 100 71 12 34 27 53 47 22 81 37 46 26 24 77 43 25 30 52 
29
68 99 58 42 51 53 50 1 92 12 15 54 11 43 29 65 16 14 25 55 18 41 13 85 64 98 88 87 44 
29
19 21 13 98 6 47 90 71 38 36 91 93 18 4 31 66 53 20 55 29 75 84 62 14 25 99 51 49 57 
5
2 19 6 69 41 
18
56 29 36 86 1 30 55 2 76 16 38 32 62 11 48 82 75 39 
19
12 22 17 16 13 98 32 44 9 75 70 53 65 60 87 52 88 73 46 
14
77 2 14 90 33 89 13 40 91 58 19 16 18 60 
3
46 50 72 
29
82 72 7 53 87 45 41 32 79 80 74 60 93 99 88 22 3 21 17 48 23 26 100 35 5 70 84 69 39 
15
57 18 1 80 33 49 48 45 10 47 71 42 40 94 97 
24
32 22 73 97 29 89 40 16 100 56 85 59 26 76 90 72 95 86 45 21 62 25 67 36 
30
41 44 57 55 98 40 10 58 3 24 38 39 17 92 90 88 21 68 50 27 49 36 45 59 13 99 73 56 72 54 
29
46 5 13 17 56 99 63 58 97 19 65 14 96 55 34 1 30 62 33 59 47 61 44 24 18 7 32 40 10 
11
91 38 22 76 75 17 82 58 66 44 60 
11
22 79 57 35 75 48 96 1 62 64 56 
5
51 69 27 18 86 
13
71 95 13 93 85 37 62 3 100 18 10 53 91 
29
45 67 71 4 56 38 23 88 78 10 64 74 32 73 87 92 59 93 63 84 16 49 36 98 26 8 85 95 5 
10
30 94 48 62 29 60 16 17 67 63 
23
59 99 32 80 89 74 47 90 81 82 1 88 42 62 9 10 51 68 26 5 37 55 86 
16
22 29 36 16 5 45 51 56 20 82 49 57 32 42 79 74 
30
98 39 77 75 26 66 30 51 37 90 99 84 50 22 40 38 35 85 16 23 88 94 43 17 80 92 72 5 1 63 
14
91 90 18 92 19 21 4 76 68 93 33 9 42 99 
9
14 94 2 88 17 19 69 37 48 
14
98 74 53 16 57 29 20 44 49 11 45 5 41 38 
23
35 45 18 69 36 5 33 17 92 98 47 54 24 79 34 63 91 29 25 82 90 26 85 
7
36 97 63 64 68 38 56 
26
55 71 64 61 17 95 48 19 10 65 13 25 35 7 82 91 16 63 81 20 27 51 45 62 23 4 
20
11 15 52 33 86 85 2 36 3 64 65 13 41 12 38 79 82 35 39 8 
20
52 51 7 96 72 22 89 76 26 8 29 66 87 74 90 86 82 56 88 95 
17
17 92 52 88 43 83 72 53 96 22 2 28 26 41 31 58 5 
3
22 18 56 
24
52 79 99 87 89 22 12 1 29 10 23 60 54 69 42 18 61 51 8 27 50 74 65 26 
11
96 23 47 32 71 11 69 9 60 54 5 
17
55 4 2 44 20 35 45 29 94 92 41 58 18 66 73 32 7 
19
56 46 55 24 19 88 97 8 52 23 5 91 82 11 99 18 45 13 15 
5
55 94 60 58 87 
10
16 57 41 83 40 28 67 32 91 14 
22
5 85 59 49 84 53 99 8 54 75 23 86 42 56 40 77 4 35 83 32 47 71 
26
65 11 81 61 79 28 83 88 31 43 4 54 18 13 71 16 72 30 7 2 95 85 68 38 70 27 
19
12 5 46 53 82 34 51 39 73 38 60 62 57 50 71 55 7 30 96 
27
26 69 5 45 7 100 43 99 52 35 63 8 90 98 37 65 74 80 56 28 41 51 87 97 62 40 29 
16
36 72 64 55 89 31 67 6 66 4 33 85 39 83 35 97 
18
3 32 71 21 89 13 42 31 38 36 79 29 56 93 98 74 75 11 
10
87 92 5 30 99 49 38 58 53 46 
26
74 76 23 95 83 34 61 51 86 45 84 7 12 8 93 9 82 60 54 81 19 14 72 44 65 80 
15
99 95 45 12 24 35 40 5 76 41 33 13 32 82 70 
9
83 20 80 74 70 99 68 82 40 
22
15 83 34 1 96 100 94 28 41 73 12 17 63 43 92 84 46 29 87 54 65 53 
15
82 61 75 52 48 74 60 63 19 55 53 44 5 77 91 
22
94 48 10 36 96 76 53 1 2 64 35 66 89 5 41 78 52 4 38 13 86 9 
29
16 63 73 3 75 7 24 44 91 62 88 72 89 32 11 71 50 66 15 100 31 95 17 76 5 60 28 82 21 
9
84 11 28 27 25 41 33 16 60 
11
80 8 46 26 68 12 41 98 71 27 69 
28
71 16 44 1 23 53 6 51 29 61 68 46 41 25 67 63 50 8 64 17 36 5 19 14 9 95 48 47 
6
53 49 62 69 14 71 
30
50 82 12 56 19 7 35 18 23 93 15 74 25 98 88 95 49 87 30 42 24 63 45 60 54 69 59 48 22 80 
22
28 12 53 94 40 36 79 14 45 60 17 3 7 99 74 6 25 52 73 90 67 19 
30
44 77 84 61 53 82 56 97 51 35 23 99 47 37 96 27 71 52 64 65 79 81 29 8 60 28 17 20 7 91 
18
50 75 55 42 43 78 62 18 96 86 60 64 46 59 17 13 52 72 
3
45 89 76 
7
46 72 63 31 81 94 99 
21
70 60 74 21 86 76 79 20 97 29 90 78 57 84 28 68 80 99 58 46 49 
26
68 22 82 42 5 94 33 86 88 89 2 92 7 69 93 51 63 97 99 23 35 30 72 8 65 67 
21
40 19 66 22 70 90 59 80 83 30 5 91 9 77 98 64 2 48 88 32 4 
7
51 96 71 70 23 40 65 
5
41 61 66 87 68 
6
15 40 89 66 79 99 
19
7 89 5 37 62 1 22 25 34 60 57 33 100 6 95 26 75 98 93 
17
86 52 31 25 55 80 73 19 95 48 24 37 39 5 63 82 69 
20
25 66 28 38 31 92 50 36 77 57 41 91 37 61 78 58 8 49 62 9 
3
49 2 93 
19
14 19 50 8 53 13 76 33 34 20 99 67 51 15 57 16 45 64 52 
17
42 23 3 91 57 60 78 82 95 58 73 72 18 5 98 47 64 
17
71 37 27 53 76 4 89 50 56 44 51 38 98 33 85 86 62 
9
36 57 5 11 81 55 23 79 48 
24
100 28 36 77 94 76 63 35 87 15 22 66 6 57 39 1 95 26 3 9 34 54 43 60 
26
27 9 81 83 58 31 99 26 38 92 66 44 98 29 61 17 70 62 65 1 68 35 7 93 3 86 
17
51 68 26 5 34 96 21 78 91 72 7 77 6 60 13 75 98 
4
62 78 11 85 
21
51 25 81 31 8 20 14 75 56 33 93 57 15 43 85 3 76 7 73 36 55 
6
53 55 12 60 57 62 
12
59 50 16 46 98 62 85 1 26 63 83 44 
13
51 73 48 69 63 16 6 1 60 5 17 23 3 
22
32 4 16 60 82 33 25 96 98 80 73 83 57 94 48 56 29 44 63 8 5 75 
12
87 80 10 20 91 94 17 75 65 48 9 64 
17
51 48 39 35 32 29 55 6 85 60 81 99 28 57 88 56 84 
5
66 1 54 75 49 
24
64 19 62 69 32 9 49 36 6 40 29 8 68 94 5 23 55 14 2 10 11 80 43 85 
23
84 58 3 76 31 51 50 24 64 18 27 1 81 73 44 95 46 8 63 82 39 70 93 
29
11 65 33 50 72 1 90 10 26 66 78 79 62 27 3 95 15 43 74 2 76 4 25 30 60 89 77 97 49 
17
48 4 95 28 75 35 92 60 6 32 88 64 14 24 86 52 99 
28
46 100 87 86 51 15 96 24 81 17 12 67 49 32 89 9 60 39 74 54 4 98 99 78 27 63 65 68 
29
66 69 93 37 52 19 6 48 57 70 56 17 4 13 75 33 27 54 21 23 51 1 9 25 78 28 77 22 92 
22
66 50 37 8 47 27 28 23 45 6 21 10 41 100 64 12 26 99 87 84 74 5 
17
45 16 95 97 14 53 35 55 33 2 32 78 13 47 30 68 80 
23
14 34 5 81 63 56 36 83 72 38 71 65 66 54 16 61 96 11 6 57 12 2 26 
18
1 52 61 63 11 29 36 82 31 16 62 79 48 43 26 21 19 40 
21
46 73 12 44 8 36 21 38 43 53 83 79 26 97 90 98 71 42 80 2 1 
4
6 73 8 90 
4
42 88 62 87 
20
94 25 61 60 96 86 47 33 68 77 3 78 100 75 32 4 52 43 51 99 
19
69 50 57 74 47 24 79 38 46 94 45 86 91 88 9 43 18 20 83 
2
31 78 
3
50 73 64 
26
51 47 36 30 65 100 85 40 79 50 24 19 53 41 39 66 12 74 98 90 8 92 80 49 37 27 
10
73 81 44 88 24 12 36 26 50 59 
8
36 9 70 15 21 91 52 53 
13
23 83 26 70 3 92 10 6 98 16 44 78 86 
24
61 94 60 38 73 3 26 16 29 76 56 42 54 11 97 92 46 67 1 6 93 8 24 78 
14
98 72 70 58 75 13 1 53 86 18 23 69 97 3 
29
27 88 55 12 71 40 19 18 46 95 92 59 51 70 24 3 35 69 43 96 65 77 74 34 53 100 90 86 17 
10
25 36 99 73 48 53 57 14 9 16 
16
2 15 86 32 39 7 41 35 18 12 51 60 65 69 13 88 
27
75 99 90 38 21 96 15 33 66 53 92 7 52 18 63 93 20 100 9 89 14 19 70 58 28 97 95 
14
34 45 75 39 99 7 31 50 53 58 85 81 73 44 
10
36 84 18 45 9 33 80 93 60 22 
23
4 22 26 29 42 78 83 12 79 62 97 56 55 28 7 35 48 20 66 84 53 47 75 
1
63 
9
8 57 48 24 21 36 61 69 23 
20
2 71 94 64 3 70 100 81 90 10 11 35 67 63 59 23 79 52 60 38 
22
19 44 38 61 11 98 7 48 30 64 84 5 100 86 40 93 28 17 59 18 95 10 
29
2 50 46 67 22 56 40 66 88 100 20 25 79 30 34 55 94 96 19 83 29 31 41 35 68 80 76 24 78 
29
78 89 36 17 39 82 1 86 73 26 85 76 71 16 51 79 18 81 97 12 74 63 98 94 43 62 55 13 50 
6
36 69 4 40 95 98 
12
49 53 18 24 58 73 75 59 84 5 61 17 
14
89 78 88 37 31 55 36 35 79 87 19 82 13 51 
27
40 67 54 6 86 68 16 99 85 17 27 65 8 52 11 39 96 21 66 93 100 47 48 79 60 41 26 
19
29 8 4 55 68 96 59 58 70 23 5 82 22 90 18 74 75 47 6 
25
69 4 48 15 14 1 45 100 43 97 74 42 57 10 53 94 76 73 27 87 84 78 13 95 54 
22
100 97 54 71 23 76 56 43 17 20 67 37 55 75 65 52 86 5 48 11 30 35 
6
71 87 6 32 24 21 
14
83 95 49 100 65 4 91 20 80 52 14 69 13 9 
7
48 1 95 97 44 65 36 
28
40 21 12 45 47 95 99 26 90 56 87 89 11 75 3 59 43 61 63 33 48 78 34 53 98 16 35 55 
2
38 79 
25
16 41 53 18 96 33 14 68 69 38 78 24 8 49 15 72 19 91 30 73 59 88 86 85 28 
25
42 80 56 18 68 74 52 44 70 61 26 35 95 47 24 7 99 14 3 76 55 90 66 62 49 
15
45 67 86 63 44 99 4 42 88 87 95 89 22 90 92 
14
91 90 93 16 66 82 37 3 28 88 87 19 8 54 
6
85 16 100 5 75 33 
8
20 31 100 10 38 50 44 63 
22
50 15 62 96 1 5 13 43 25 20 14 55 66 97 30 33 91 98 79 2 9 74 
15
66 54 93 34 75 52 53 11 15 56 6 76 84 78 55 
11
65 97 60 72 3 15 59 37 61 7 73 
9
97 42 61 25 21 87 82 12 13 
25
6 71 5 79 45 26 46 66 39 33 3 28 62 100 92 14 38 19 4 55 64 43 16 37 2 
17
55 80 97 41 7 100 37 65 50 56 84 30 18 82 10 21 71 
1
20 
20
69 57 24 31 19 18 3 78 35 42 82 79 83 8 98 91 77 34 22 81 
19
1 42 35 9 27 40 77 88 38 58 71 21 52 25 100 36 81 33 62 
23
61 78 87 18 2 47 69 77 57 35 85 89 62 14 45 74 10 7 33 6 34 38 79 
22
31 91 86 99 69 35 2 74 34 37 13 54 6 1 5 41 48 36 46 96 23 49 
4
97 2 4 68 
18
39 17 54 94 1 96 51 33 76 68 36 50 21 66 15 18 74 44 
10
28 55 37 59 99 74 42 24 96 10 
7
72 24 70 65 56 35 96 
24
75 21 12 80 4 11 19 52 25 77 40 72 15 63 73 53 31 22 86 84 6 88 23 56 
18
74 65 62 55 3 88 31 48 23 29 52 15 76 1 8 90 63 26 
28
44 80 7 26 94 55 66 21 10 20 35 51 52 30 61 2 39 47 78 59 82 50 38 8 4 23 60 16 
30
56 90 5 53 84 46 93 94 72 21 65 35 87 26 1 22 79 8 32 36 60 57 96 4 10 7 23 49 54 16 
19
69 85 47 64 41 76 23 70 57 37 98 78 39 38 11 10 65 79 32 
29
84 9 87 98 100 25 55 1 68 79 51 39 42 96 10 4 88 20 56 83 71 23 58 40 43 81 52 3 60 
1
52 
5
29 40 56 31 77 
20
36 59 4 11 67 6 76 71 16 61 64 20 68 58 70 84 56 96 78 29 
7
1 5 100 2 29 8 14 
13
38 27 74 76 35 5 4 22 86 45 12 23 84 
8
2 51 87 15 36 90 65 97 
14
41 78 72 26 22 46 29 99 20 2 51 77 81 6 
13
69 53 5 19 72 43 83 14 15 68 95 93 45 
11
48 20 87 57 8 83 13 42 41 25 64 
25
54 6 77 82 37 38 19 50 94 46 87 23 88 35 4 9 61 29 16 93 39 30 11 43 42 
1
14 
13
4 82 2 72 95 39 76 27 54 31 36 26 6 
4
50 90 74 5 
27
14 65 21 89 34 4 82 71 62 36 15 96 49 57 60 88 28 8 84 27 76 70 29 19 35 59 99 
16
24 86 78 1 26 57 37 39 29 19 20 50 4 47 53 10 
2
60 62 
30
49 9 77 61 16 25 15 92 71 46 10 58 35 3 52 19 55 56 78 68 24 98 69 39 17 87 97 74 84 2 
19
62 74 32 76 42 20 37 48 39 65 71 50 94 17 40 91 79 83 57 
6
20 83 17 88 22 66 
4
93 64 14 99 
19
17 9 69 37 44 91 76 86 78 20 4 46 8 2 41 97 3 39 38 
17
16 92 80 13 7 66 1 93 56 32 89 30 69 49 94 29 100 
6
100 37 16 73 15 89 
25
79 81 26 39 74 35 93 15 5 2 64 59 51 92 41 18 30 29 82 54 85 60 14 17 7 
16
55 52 88 78 98 58 37 41 27 73 1 5 26 54 65 99 
17
64 95 20 43 25 57 23 31 55 78 80 22 46 88 24 96 34 
21
19 14 71 37 74 51 18 26 13 77 9 28 12 92 36 49 82 10 54 32 20 
3
96 4 10 
17
69 25 74 86 75 28 49 30 27 97 40 78 83 16 8 96 21 
7
77 69 19 23 13 4 37 
4
67 90 91 88 
14
94 63 9 48 6 49 93 3 57 61 98 43 41 21 
15
95 36 18 90 2 30 83 68 81 26 54 27 8 31 69 
15
88 9 19 31 4 11 43 85 50 64 87 6 41 51 16 
22
52 56 4 69 42 35 96 62 79 89 91 94 30 20 63 54 31 74 59 29 46 57 
5
42 33 17 60 68 
29
67 29 75 38 5 92 70 93 14 28 18 86 99 26 66 97 48 1 98 25 83 43 58 69 23 6 30 4 44 
12
23 72 87 59 75 70 95 67 22 80 15 83 
4
15 65 66 29 
19
72 65 91 89 42 20 48 1 52 5 70 11 15 78 64 23 96 53 60 
1
84 
28
1 80 12 75 19 84 4 32 62 66 2 46 61 85 72 53 65 17 35 57 96 89 49 86 55 69 27 10 
16
88 63 25 20 43 91 85 44 31 34 90 11 38 13 46 9 
7
61 6 42 14 76 46 63 
16
81 6 37 80 25 21 87 54 68 33 57 20 73 34 95 4 
27
80 6 50 32 35 61 70 29 94 64 36 23 92 14 74 24 8 67 81 63 28 60 20 10 77 59 26 
3
45 69 53 
28
15 62 93 16 100 68 59 42 21 46 48 53 84 90 35 28 26 50 31 32 24 5 98 94 57 25 71 43 
3
20 97 58 
21
70 100 78 29 47 74 82 34 23 45 96 41 98 39 40 93 15 30 61 69 71 
18
75 53 14 54 70 23 72 49 97 37 40 79 11 9 92 22 7 17 
17
78 69 87 13 46 71 14 49 80 2 84 15 66 24 18 65 3 
16
59 46 79 85 36 90 92 37 3 75 87 9 57 32 29 28 
16
14 57 90 36 91 79 69 20 1 66 44 70 83 12 56 25 
12
65 92 100 11 49 81 7 77 87 85 24 29 
28
36 33 26 37 49 32 63 3 68 95 48 71 21 7 67 11 23 60 27 45 98 6 47 100 10 90 55 58 
6
98 32 79 24 62 61 
2
87 75 
23
27 78 2 86 52 84 79 19 26 43 50 75 53 17 35 47 63 56 92 71 8 91 65 
20
79 92 17 89 36 31 68 2 87 34 74 47 16 82 90 7 86 54 56 67 
27
88 81 56 44 100 16 80 14 13 69 18 19 77 20 82 79 58 30 37 11 31 59 8 97 10 53 2 
26
73 5 59 84 39 15 94 12 50 78 81 83 68 80 70 85 91 7 58 69 49 34 37 71 79 64 
28
96 88 64 63 94 54 15 86 58 3 92 24 40 69 78 84 91 21 49 7 61 55 100 10 4 16 22 98 
20
8 31 48 49 92 99 66 81 38 33 77 44 22 85 74 60 35 37 95 11 
20
11 70 90 35 86 48 79 91 55 68 53 12 69 3 99 81 17 94 39 96 
12
8 98 36 28 45 30 47 86 11 12 18 15 
28
64 80 75 91 5 30 95 78 62 10 97 45 20 90 22 23 50 57 4 61 3 33 14 93 18 55 54 48 
22
40 20 26 60 93 5 57 23 59 80 84 30 4 50 46 63 29 89 85 32 44 61 
25
42 91 13 33 53 10 14 27 37 6 11 80 63 4 31 39 99 100 47 97 20 77 72 96 23 
18
77 35 57 66 16 23 14 87 8 34 61 82 50 26 54 53 63 30 
27
39 35 61 12 67 94 45 21 18 49 85 17 32 37 47 77 9 50 33 83 60 69 90 36 68 30 29 
29
57 11 3 81 27 48 34 80 33 6 14 10 31 58 2 20 32 98 82 70 92 72 9 46 41 89 56 71 29 
24
25 46 30 50 80 41 8 92 12 99 90 13 16 11 27 34 10 24 53 14 42 95 82 74 
1
97 
2
15 6 
5
82 14 68 80 42 
15
20 25 50 98 48 42 70 83 79 4 41 34 23 86 76 
1
17 
11
17 55 45 89 30 77 48 58 47 69 20 
12
78 1 85 37 9 93 51 50 90 81 17 3 
15
46 18 61 48 66 73 5 36 84 29 31 83 30 55 77 
30
83 34 67 69 20 29 52 76 62 98 51 13 11 82 31 16 25 59 100 21 41 74 78 22 42 3 28 35 54 8 
27
96 33 62 68 81 47 52 86 53 42 64 5 28 7 44 56 66 61 27 71 20 17 43 58 70 32 100 
24
79 50 31 35 65 96 73 47 4 99 78 48 52 85 6 45 32 59 17 70 62 41 69 29 
17
97 11 24 76 28 13 48 67 40 87 75 58 86 36 37 69 12 
6
21 57 62 94 23 76 
5
25 4 21 90 93 
1
91 
10
2 5 41 74 23 32 83 7 21 72 
19
20 56 25 35 19 73 57 85 1 47 49 4 16 60 75 93 18 65 10 
18
31 14 4 92 30 45 17 86 28 34 40 95 5 88 68 16 23 85 
27
36 88 15 47 50 82 22 92 26 7 43 24 18 38 76 25 94 97 28 49 71 84 64 83 44 72 98 
19
41 58 2 27 19 25 23 1 26 42 45 49 77 32 75 79 68 61 91 
3
55 18 78 
15
69 50 23 29 61 17 68 44 48 16 42 67 24 65 31 
23
57 27 77 3 20 44 94 47 24 78 99 33 76 58 83 97 63 61 81 4 21 49 2 
15
29 42 10 1 99 18 46 28 97 35 27 33 95 72 93 
10
9 98 73 20 86 53 32 37 14 48 
9
61 14 56 76 23 89 72 74 13 
21
29 21 33 45 19 14 92 23 52 18 74 78 86 31 62 49 75 80 64 4 53 
6
84 34 71 92 10 43 
11
97 81 100 93 51 40 54 68 90 66 26 
6
11 55 82 92 43 67 
18
48 83 8 84 98 97 11 60 81 34 87 56 29 57 46 47 75 95 
11
42 71 49 33 47 18 90 23 4 41 69 
22
49 1 87 14 75 26 27 65 70 53 15 24 31 96 67 42 79 43 30 95 85 74 
5
7 100 16 44 35 
12
27 31 17 41 90 71 99 95 100 76 5 42 
27
19 84 57 72 8 32 77 11 44 25 9 28 31 78 24 13 91 35 63 79 85 70 46 82 93 17 5 
25
2 22 61 84 14 57 23 54 33 85 72 9 74 76 59 100 60 38 82 7 56 39 40 13 98 
23
18 6 83 29 54 11 39 40 76 96 68 49 57 1 66 94 86 63 30 17 71 73 31 
29
34 81 100 65 26 80 39 47 73 43 5 63 37 42 14 75 44 17 41 83 67 96 24 74 50 70 29 1 87 
27
62 94 56 74 68 48 53 45 52 20 96 49 40 90 1 55 97 22 76 69 46 17 59 36 15 71 91 
26
79 72 57 31 35 55 44 30 97 24 1 17 91 23 73 9 49 3 62 47 29 65 22 10 2 4 
5
16 99 26 35 53 
6
1 9 66 48 42 2 
8
61 83 58 92 98 40 93 26 
2
14 97 
29
1 23 71 92 85 57 60 12 73 46 65 10 72 68 94 81 90 14 24 2 44 58 56 38 83 91 88 36 16 
9
20 14 75 97 65 24 8 91 100 
29
41 4 46 58 17 38 66 74 98 49 25 61 27 20 29 42 72 51 40 30 10 65 50 47 1 59 3 9 7 
24
73 30 35 67 54 52 40 76 88 2 95 14 84 49 29 27 10 56 62 24 79 26 39 43 
21
84 66 5 42 35 16 96 36 43 76 28 18 50 64 41 15 25 72 83 63 65 
4
12 13 87 29 
17
97 13 91 32 28 31 69 54 49 100 1 42 55 71 52 53 27 
17
37 52 22 94 44 36 32 40 83 70 25 29 90 84 86 24 66 
7
1 31 79 25 52 22 70 
26
55 94 88 72 34 42 77 73 49 76 13 98 97 79 63 46 68 27 26 1 66 80 71 25 78 59 
6
65 69 43 82 74 9 
22
17 16 61 30 67 84 9 6 51 70 45 90 93 20 33 83 3 18 27 12 88 99 
2
33 57 
10
47 11 76 10 40 74 73 60 82 31 
11
44 46 88 10 15 47 28 78 57 49 89 
7
47 48 67 7 26 10 55 
5
79 46 75 64 86 
24
4 62 19 13 89 75 44 38 94 63 15 40 68 10 22 66 56 25 46 86 53 6 49 9 
6
62 100 13 92 99 71 
13
67 50 60 44 86 5 55 82 79 92 7 63 32 
16
80 22 12 30 49 65 50 70 90 55 18 64 54 59 51 38 
3
40 82 76 
29
90 59 64 55 10 22 8 43 50 97 17 84 87 5 20 18 57 53 65 23 58 56 85 61 52 69 25 26 80 
18
56 58 35 18 1 41 24 54 93 9 57 87 17 89 33 47 75 62 
24
19 76 35 68 7 56 32 81 57 34 84 27 75 90 47 66 4 3 12 86 37 24 15 18 
2
39 47 
4
87 78 88 44 
2
46 23 
2
35 88 
17
73 79 57 34 49 9 56 59 98 39 15 68 41 29 82 85 52 
8
8 88 57 28 69 23 91 20 
20
78 4 56 35 9 84 63 72 85 5 92 55 98 93 46 58 91 26 75 73 
14
92 63 65 60 28 79 93 83 41 64 56 34 39 37 
20
90 10 76 42 79 57 63 95 58 93 53 40 47 55 33 100 73 36 81 97 
2
3 52 
17
98 43 93 59 47 72 61 30 29 23 6 1 48 58 38 78 50 
23
70 65 63 53 22 82 66 69 98 34 92 42 3 72 2 23 12 31 8 30 1 4 49 
2
39 27 
3
87 45 83 
16
82 5 18 99 38 67 85 3 98 87 56 58 80 16 60 48 
23
87 63 80 84 42 60 91 23 79 40 9 3 54 70 75 81 77 2 58 94 65 78 98 
17
41 73 96 98 91 82 57 12 88 16 37 79 7 11 80 94 100 
8
60 95 83 44 23 1 11 30 
5
44 90 75 37 79 
17
41 35 65 54 93 37 4 83 81 90 73 21 56 42 8 44 36 
2
35 93 
10
32 100 13 88 21 96 85 24 12 41 
14
66 20 80 13 72 68 91 50 5 2 77 86 9 47 
25
62 15 33 43 27 95 10 56 94 9 22 65 48 36 34 82 41 25 13 50 28 2 30 45 21 
2
41 33 
18
26 45 63 10 3 50 44 93 47 34 57 17 65 59 49 6 24 20 
12
23 89 14 63 82 77 90 29 39 28 72 74 
26
81 38 71 73 72 5 92 83 94 25 68 48 18 61 14 77 62 39 70 54 78 2 96 36 86 12 
23
89 97 98 26 63 31 5 74 38 62 79 76 64 3 100 99 81 72 44 1 83 73 94 
29
43 15 1 82 66 30 92 54 76 34 17 55 72 77 41 80 86 46 95 70 10 2 53 90 74 37 78 16 88 
17
19 10 1 65 68 78 7 67 30 75 98 84 92 4 15 73 70 
23
98 52 83 51 5 11 50 67 4 56 58 24 70 78 45 75 29 18 87 63 30 73 90 
2
23 32 
24
22 42 66 99 36 81 43 56 91 87 84 72 95 70 60 85 49 69 14 32 5 44 82 34 
12
67 50 48 100 38 90 8 62 56 42 15 95 
28
61 83 17 93 66 47 90 45 34 53 91 8 89 59 54 46 84 92 38 95 29 64 52 15 49 37 44 18 
3
5 66 1 
16
24 9 76 87 28 40 66 53 8 42 52 79 16 12 81 35 
5
40 4 14 2 7 
12
5 67 61 21 98 42 88 12 60 84 86 3 
10
49 3 65 17 22 24 21 96 66 53 
17
17 21 37 96 40 75 23 18 3 13 12 93 82 70 32 39 87 
7
79 89 96 99 69 30 7 
13
29 96 11 6 42 5 44 39 1 20 37 4 55 
26
98 92 80 62 4 8 29 38 64 9 67 11 76 94 71 79 47 60 69 56 15 84 78 17 27 97 
9
4 30 3 17 20 5 89 70 27 
12
49 52 35 7 32 27 54 86 31 22 81 71 
9
51 18 24 10 20 17 34 35 26 
14
34 2 37 27 99 32 78 26 16 87 30 100 52 48 
15
51 44 10 3 92 74 95 80 76 65 87 91 59 66 1 
25
72 43 14 90 71 94 49 22 6 60 28 16 87 24 7 92 3 8 98 5 75 65 51 68 32 
25
15 38 63 11 23 78 98 70 7 65 89 4 16 87 56 10 86 9 27 33 76 5 31 81 8 
23
91 29 76 10 99 32 83 31 36 7 65 6 19 23 85 93 78 1 88 80 25 79 26 
15
46 74 29 10 65 79 72 42 76 9 52 85 66 41 32 
5
46 84 100 81 22 
21
17 41 83 78 59 8 24 38 25 69 79 37 4 44 56 35 71 46 90 2 50 
22
3 98 91 59 19 62 97 54 51 6 78 27 14 56 10 71 80 82 42 85 55 37 
14
43 60 29 24 10 37 73 18 44 17 87 95 14 48 
2
49 29 
22
47 86 94 81 43 52 49 82 87 77 88 72 46 15 32 38 50 98 63 45 96 92 
20
33 79 80 94 26 34 96 69 13 39 38 53 77 2 54 73 72 15 59 95 
21
91 55 19 63 29 69 97 14 58 75 35 87 39 80 52 3 8 72 82 4 25 
19
95 87 68 27 42 53 75 62 56 21 98 39 12 30 94 92 5 66 89 
7
26 4 38 87 71 32 60 
13
93 47 28 31 66 71 72 33 96 65 94 45 57 
4
12 54 49 35 
29
38 5 32 58 57 74 64 54 2 49 81 35 11 87 94 6 43 99 79 40 41 97 36 18 9 25 46 17 90 
12
50 17 45 38 9 36 93 21 41 71 63 91 
3
3 11 85 
3
91 94 10 
17
59 72 34 68 94 73 30 48 26 67 8 33 81 9 80 53 76 
12
86 70 16 92 81 66 10 61 46 40 93 2 
15
37 92 59 8 70 67 9 16 36 78 83 89 62 69 74 
15
81 39 24 37 52 75 50 96 57 80 32 56 17 62 55 
15
97 39 2 64 63 81 60 12 16 45 99 43 79 57 88 
27
39 78 52 85 62 100 89 66 27 97 81 83 47 99 19 86 51 7 20 4 76 67 59 70 46 69 77 
21
76 51 60 45 8 56 25 55 58 69 48 62 79 74 99 61 77 98 49 4 17 
19
76 68 91 59 78 6 21 13 92 51 48 31 2 61 20 45 35 34 66 
13
74 40 71 98 44 53 35 17 57 49 65 37 61 
4
31 92 24 8 
25
25 30 28 96 16 53 33 29 20 18 92 1 36 73 75 74 7 56 50 5 90 81 47 94 93 
29
74 10 73 26 88 92 43 89 15 45 13 7 66 20 51 34 9 60 98 80 47 50 94 36 55 27 58 5 96 
20
53 6 94 84 50 13 57 64 68 71 66 35 98 45 40 76 87 25 86 26 
14
13 73 43 23 25 82 78 94 56 100 80 85 46 95 
5
34 23 25 17 54 
11
47 75 5 21 9 42 20 84 77 86 66 
4
16 44 85 58 
25
16 20 48 82 72 37 67 62 100 84 95 99 63 73 32 80 96 98 1 74 51 15 45 18 52 
5
73 41 94 16 8 
20
43 94 46 60 64 58 23 21 5 48 2 63 40 9 73 99 84 54 24 42 
28
52 62 43 84 63 89 97 86 45 25 17 41 26 49 11 50 24 93 73 67 9 20 71 90 91 80 13 76 
21
83 33 2 45 56 55 9 40 80 26 27 52 6 99 57 25 12 21 59 62 93 
20
75 14 45 52 4 40 57 62 29 11 36 20 54 99 42 100 12 78 25 70 
3
33 55 83 
24
57 16 43 27 93 15 38 24 49 60 4 9 73 95 2 97 65 42 100 8 66 70 36 84 
1
83 
3
34 38 58 
11
34 10 64 61 91 38 94 30 28 86 96 
16
71 89 36 30 16 2 23 60 48 75 85 52 18 64 27 44 
19
98 53 41 6 26 58 50 12 24 11 8 77 72 32 90 46 7 96 99 
1
9 
