28
1
0
1
1
2
00
11
2
11
11
2
01
10
3
001
100
010
4 
0101
0010
1000
0100
4
0101
0010
1100
1110
4
0111
1011
1101
1110
4
0111
1000
0100
0010
5
01111
10000
01000
00101
10010
5
00111
10001
11001
11000
10110
6
000011
001001
010000
001011
010000
100000
6
011011
100100
010100
001001
010001
101010
6
011011
100100
010100
001000
010001
101010
6
011011
100100
010100
001000
010000
001000
6
011011
100100
010100
101000
010000
001000
6
011011
100100
010100
101000
010000
001100
7
0001010
0001010
1000010
0000000
1010000
0101001
0010100
7
0000010
0010001
0001100
0100010
1001000
0000101
0000110
9
001110001
000000100
110111010
111011111
010001011
110010010
010001011
111111101
101101100
10
0000010110
0000001100
1000000101
0100100010
1011011001
0000100100
0101100000
0001000000
1001101000
1111011000
11
01111000110
00010101011
11000100011
01100001101
00100101011
01100000100
00011000111
00011010101
00110110010
01001100000
01100000110
12
010111001000
101000011101
110000111000
010000101100
010000011000
101100100001
101000000001
000000000010
000111100000
101000110011
010000110000
100000111010
17
01111110011001000
00000011101010101
10000010010001111
00001111000101001
01100111100010001
10010001010010110
11100001011011101
00110110101000011
01011001011011010
00101001100100000
01111001010111110
01110011110001001
11010000100100010
00100000000000011
00000100000000000
01011000100010101
11111010010100100
28
0000100010100000110001000100
0000001111000110001010100001
0100111011001100000100110011
1100001101100011110001001001
1110011011001101011110000001
1100001000010000101100101011
0000000100101100011000000111
0100100010110000101000100001
0110100001001001010010011000
0110001010000101111101001000
0101000000000111111110001001
1011010000101010011010110100
0000010010110001010110001110
0000000100000010011000010101
0000100110100000110010101011
0111001000001100100001001110
0001010010110000011000000010
0010001100010110000000111111
0100010001010001100001100100
0011110001000101010001111010
1000100111100001101100000001
1011000101000000000000100000
1111000101011001110000010110
1001011000100100000001100010
0100110001100010000111010001
0110011001100001100001001001
0011000000100110011111000000
0000011011100001100010000110
38
00000110000101001001010000111011010101
10010010000011010001010100100011111101
01001000010000011000000000010001011011
01000010110110111101000000000011001101
10100010000001001001101100001000101110
00101010110110001010101101000100011111
10011100000110000000000110111000100000
01101010111000001000100010100001101110
00100111010111111000010100000000010101
10100000000011101111111110001000000000
01000010100010000111000000000000000011
00100101110000111000101100001010101000
10100011101101110000001101000010101110
10101001000000010001010100111101100010
10101101001100000000010001100000101001
00001001010010101110111001000001000010
00100100111100110010111000010111010100
00000000000110100011001000000011100101
00111110101110111000000100011000001011
00010110110101110100001010000001010100
01111000111010011000010101000001001100
01101000001010101010001010111001100101
10100111001000010101100000110110010100
10001111010100001000111000000000011000
10000001100101100110110100000000011011
10100110011110111111100100100000111101
11101101000100000000000001001010010100
01001001000000100001000011000011001000
10001000011111011101011000010000001010
01010110000010010001100101010011100000
10100101001110000010111111010100001000
00100001110000100000010101000000100010
11010001101011110000001100100110011000
11011100101100000100010000110000101000
10011101001011101000010101000001000010
01010110010000011001010110101001000001
01010001100010001000111100000011101000
00110100100101011110001000000101000110
40
0011000100001001000000001000100000010000
1000100000000000100000000000101110000010
0000100100001001100000000001000100100000
0010010000000000110000010000100000010100
0000000011000100100100000000000110000001
0101000011100000110000001010100000000000
0101010000011010001001000000010011000000
0000111000110000000000000000000100000010
0000100001110010000000000100000000000000
0010000000010000001010010000000000111001
0000000000001000001000010000010000011000
0000001000001000000000000000001000000101
0011000000000000000000000000010000100110
0000010001000001000000110000010000100000
1000000000000000010110100001010110000000
0000000000000000100101000000010001010010
0000000000001000000000000000000000100000
0000100000010000000000011100001000010000
0001000010000000110001000011100100100001
0011010000000000110000000000000000011000
0000000000000000010001000001101110000001
0000000100010010100000001010100000000000
0000000000000100000100000010000100000001
0100000001000100000001100000000000000000
0000110010010100010000100100100100000000
0001000100000000000000100010000000000100
0100000000000000010000100000010000000001
0000000000000110001100000000000000011000
0100000100000000000001000000000000000101
0000000000000000000000000000000100000000
0000001000001010001000000100100000000010
0010000100100100000000000000000000010000
0000010101001000000001001101000000001000
1000000100000000000100001001101000000000
0000100000100100010111000010110001010000
0000001010000001000000100011000000100000
1110001001001000001001000010000000010000
0000001000000000010010000110000000100000
1000110001100000000001001000000000100000
0001010011110100001000000100100000000000


