5
10
100
1000
10000
100000
1000000
105
1005
10005
100005
29
118
211
4617
555
25950
27585
32525
86790
90356
104516
115286
123282
131748
144790
156133
169421
172155
174140
178170
189419
193985
194640
210658
215345
258532
267000
275570
281831
282176
333936
381321
388906
392011
398630
424405
428204
433673
441252
443240
444737
451967
453168
456312
456862
457069
460724
476994
480068
492484
507029
507897
513594
520650
530374
532716
548167
560629
588210
590051
603793
622585
623852
629012
638717
652550
675160
695318
715844
721756
728222
733664
742128
746161
746180
765055
775654
779920
791155
802630
818502
826415
834484
836195
836532
840205
860657
863757
869181
873008
873484
876367
890733
911170
917672
934223
937116
940788
974781
980879
984018
985135
988765
993436
0
